%!PS-Adobe-3.0 EPSF-3.0
%%Creator: (MATLAB, The MathWorks, Inc. Version 25.2.0.3042426 R2025b Update 1. Operating System: Microsoft Windows 11 专业版)
%%Title: ./fig4_改善倍数.eps
%%CreationDate: 2025-12-08T18:43:24
%%Pages: (atend)
%%BoundingBox:    0     0   555   328
%%LanguageLevel: 3
%%EndComments
/bd{bind def}bind def
/ld{load def}bd
/GR/grestore ld
/GS/gsave ld
/RM/rmoveto ld
/C/curveto ld
/t/show ld
/L/lineto ld
/RL/rlineto ld
/ML/setmiterlimit ld
/CT/concat ld
/f/fill ld
/N/newpath ld
/S/stroke ld
/CC/setcmykcolor ld
/A/ashow ld
/cp/closepath ld
/RC/setrgbcolor ld
/LJ/setlinejoin ld
/GC/setgray ld
/LW/setlinewidth ld
/LC/setlinecap ld
/LJ/setlinejoin ld
/SD/setdash ld
/M/moveto ld
/TX/translate ld
/R/rotate ld
/SC/scale ld

/CIRC {0 360 arc}bd
/F {exch findfont exch scalefont setfont}bd
/edef{ exch def } def
/scaleImg{ % width height outputDPI scaleImg
   /outputDPI edef
   /height edef
   /width edef
   /psDPI 72 def
   /sDPI psDPI outputDPI div def % DPI scale
   width sDPI mul % width * (psDPI / outputDPI)
   height sDPI mul
   scale
} def

% LineAttribute methods.linewidth linejoin linecap [dashpattern] dashOffset colorVal(s) <method>
/LAG {setgray setdash setlinecap setlinejoin setlinewidth} bd
/LAR {setrgbcolor setdash setlinecap setlinejoin setlinewidth} bd
/LAC {setcmykcolor setdash setlinecap setlinejoin setlinewidth} bd

% draw line impl
/DL { % VertexList NVerts StartPt DL
  N moveto { lineto } repeat stroke} def
% draw unfilled polyline impl
/DPL { % VertexList NVerts StartPt DPL
  N moveto { lineto } repeat closepath stroke} def
% draw filled polyline impl
/DPLF { % VertexList NVerts StartPt DPLF
  N moveto { lineto } repeat closepath fill } def
/DRL { % VertexList NVerts StartPt DRL
  N moveto { rlineto } repeat stroke} def
% draw unfilled polyline impl
/DRPL { % VertexList NVerts StartPt DRPL
  N moveto { rlineto } repeat closepath stroke} def
% draw filled polyline impl
/DRPLF { % VertexList NVerts StartPt DRPLF
  N moveto { rlineto } repeat closepath fill } def

%%Page: 1 1
%%PageBoundingBox:    0     0   555   328
%%BeginPageSetup
N
0 0 M
554.4 0 L
554.4 327.22 L
0 327.22 L
cp
clip
1.00 GC
0 327.22 554.4 327.22 554.4 0 3 0 0 DPLF
[   0.6 0 0  -0.6 0 327.223] CT
%%EndPageSetup
-94 -17.75 TX
1.00 LW
1018 42 1018 481 146 481 3 146 42 DPLF
0.83 2 0 [] 0 0.87 LAG
199.63 481 1 199.63 42 DL
308.88 481 1 308.88 42 DL
418.13 481 1 418.13 42 DL
527.38 481 1 527.38 42 DL
636.62 481 1 636.62 42 DL
745.87 481 1 745.87 42 DL
855.12 481 1 855.12 42 DL
964.37 481 1 964.37 42 DL
1018 481 1 146 481 DL
1018 407.83 1 146 407.83 DL
1018 334.67 1 146 334.67 DL
1018 261.5 1 146 261.5 DL
1018 188.33 1 146 188.33 DL
1018 115.17 1 146 115.17 DL
1018 42 1 146 42 DL
0.13 GC
GS
370 35.75 M
N
380.39 30.97 M
380.39 32.35
379.95 33.46
379.07 34.27
C
378.19 35.09
377.01 35.5
375.52 35.5
C
374.04 35.5
372.87 35.08
372.02 34.23
C
371.16 33.38
370.73 32.32
370.73 31.05
C
370.73 30.03 L
373.5 30.03 L
373.5 30.97 L
373.5 31.66
373.7 32.18
374.1 32.54
C
374.5 32.9
374.97 33.08
375.52 33.08
C
376.27 33.08
376.8 32.89
377.13 32.52
C
377.46 32.14
377.62 31.68
377.62 31.13
C
377.62 30.71
377.41 30.3
376.98 29.89
C
376.56 29.48
375.91 29.1
375.03 28.75
C
373.67 28.23
372.66 27.64
372.02 26.97
C
371.38 26.3
371.06 25.5
371.06 24.56
C
371.06 23.29
371.51 22.26
372.39 21.47
C
373.28 20.68
374.32 20.28
375.52 20.28
C
377.09 20.28
378.23 20.75
378.93 21.7
C
379.63 22.64
379.98 23.8
379.98 25.17
C
377.17 25.17 L
377.24 24.36
377.13 23.76
376.83 23.37
C
376.53 22.98
376.09 22.78
375.52 22.78
C
374.97 22.78
374.56 22.92
374.27 23.2
C
373.97 23.47
373.83 23.85
373.83 24.33
C
373.83 24.71
373.95 25.05
374.2 25.34
C
374.44 25.62
375.16 25.99
376.34 26.45
C
377.6 26.97
378.59 27.61
379.31 28.36
C
380.03 29.11
380.39 29.98
380.39 30.97
C
391.22 35.34 M
388.45 35.34 L
384.14 24.86 L
384.22 24.81 L
384.58 35.34 L
381.83 35.34 L
381.83 20.44 L
384.59 20.44 L
388.91 30.92 L
388.81 30.97 L
388.47 20.44 L
391.22 20.44 L
391.22 35.34 L
402.98 35.34 M
400.05 35.34 L
397.09 29.27 L
395.66 29.27 L
395.66 35.34 L
392.91 35.34 L
392.91 20.44 L
397.44 20.44 L
398.85 20.44
400.02 20.79
400.94 21.49
C
401.85 22.2
402.31 23.33
402.31 24.89
C
402.31 26.1
402.01 27.04
401.39 27.72
C
400.78 28.4
400.24 28.79
399.8 28.89
C
402.98 35.34 L
399.55 24.89 M
399.55 24.26
399.36 23.76
398.98 23.41
C
398.61 23.05
397.96 22.88
397.03 22.88
C
395.66 22.88 L
395.66 26.84 L
397.52 26.84 L
398.08 26.84
398.56 26.7
398.95 26.41
C
399.35 26.13
399.55 25.62
399.55 24.89
C
424.64 26.23 M
414.41 26.23 L
414.41 24.05 L
424.64 24.05 L
424.64 26.23 L
424.64 31.23 M
414.41 31.23 L
414.41 29.05 L
424.64 29.05 L
424.64 31.23 L
446.64 28.78 M
436.41 28.78 L
436.41 26.59 L
446.64 26.59 L
446.64 28.78 L
451.59 24.56 M
451.35 24.8
450.45 25.39
448.89 26.33
C
448.89 23.77 L
450.34 22.78
451.53 21.61
452.45 20.28
C
454.11 20.28 L
454.11 35.25 L
451.59 35.25 L
451.59 24.56 L
458.74 26.95 M
458.8 25.46
459.02 24.27
459.4 23.36
C
459.78 22.45
460.33 21.7
461.05 21.09
C
461.78 20.49
462.68 20.19
463.75 20.19
C
464.82 20.19
465.75 20.63
466.53 21.5
C
467.31 22.38
467.82 23.44
468.05 24.7
C
468.28 25.96
468.35 27.4
468.27 29
C
468.18 30.6
467.89 31.94
467.39 33
C
466.89 34.06
466.12 34.81
465.07 35.23
C
464.02 35.66
462.98 35.62
461.95 35.1
C
460.92 34.59
460.2 33.91
459.79 33.09
C
459.38 32.26
459.09 31.4
458.91 30.52
C
458.74 29.63
458.68 28.44
458.74 26.95
C
461.33 26.56 M
461.17 28
461.22 29.27
461.48 30.38
C
461.73 31.48
462.12 32.23
462.64 32.64
C
463.16 33.05
463.68 33.13
464.2 32.89
C
464.71 32.65
465.11 32.12
465.38 31.3
C
465.66 30.49
465.8 29.56
465.8 28.52
C
465.8 27.49
465.76 26.55
465.68 25.71
C
465.6 24.87
465.39 24.15
465.03 23.53
C
464.68 22.92
464.24 22.6
463.71 22.58
C
463.18 22.56
462.7 22.86
462.24 23.48
C
461.79 24.1
461.48 25.13
461.33 26.56
C
489.89 35.34 M
487.39 35.34 L
487.55 34.56 L
487.6 34.69
487.38 34.88
486.88 35.13
C
486.38 35.38
485.79 35.5
485.11 35.5
C
483.89 35.5
482.86 35.06
482.01 34.18
C
481.16 33.3
480.73 32.01
480.73 30.31
C
480.73 28.61
481.16 27.31
482.01 26.4
C
482.86 25.49
483.89 25.03
485.11 25.03
C
485.79 25.03
486.38 25.17
486.88 25.45
C
487.38 25.73
487.6 25.94
487.55 26.06
C
487.39 20.44 L
489.89 20.44 L
489.89 35.34 L
487.39 30.31 M
487.39 29.38
487.2 28.65
486.8 28.14
C
486.41 27.63
485.96 27.38
485.44 27.38
C
484.77 27.38
484.27 27.63
483.93 28.13
C
483.59 28.64
483.42 29.36
483.42 30.31
C
483.42 31.26
483.59 31.97
483.93 32.45
C
484.27 32.92
484.77 33.16
485.44 33.16
C
485.96 33.16
486.41 32.92
486.8 32.44
C
487.2 31.96
487.39 31.25
487.39 30.31
C
501.55 30.72 M
501.55 32.46
501.06 33.66
500.09 34.34
C
499.11 35.01
497.9 35.34
496.44 35.34
C
491.91 35.34 L
491.91 20.44 L
496.61 20.44 L
498.1 20.44
499.23 20.84
499.99 21.63
C
500.76 22.43
501.14 23.38
501.14 24.48
C
501.14 25.59
500.88 26.41
500.34 26.94
C
499.81 27.47
499.49 27.68
499.39 27.58
C
499.65 27.49
500.08 27.75
500.66 28.34
C
501.25 28.92
501.55 29.72
501.55 30.72
C
498.39 24.48 M
498.39 23.91
498.23 23.5
497.91 23.25
C
497.6 23
497.19 22.88
496.69 22.88
C
494.66 22.88 L
494.66 26.34 L
496.61 26.34 L
497.11 26.34
497.53 26.2
497.88 25.92
C
498.22 25.64
498.39 25.16
498.39 24.48
C
498.72 30.72 M
498.72 30.01
498.48 29.51
498.01 29.22
C
497.53 28.93
496.98 28.78
496.36 28.78
C
494.66 28.78 L
494.66 32.91 L
496.11 32.91 L
497.01 32.91
497.66 32.75
498.09 32.44
C
498.51 32.13
498.72 31.55
498.72 30.72
C
522.17 19.86 M
522.11 22.13
522.08 24.66
522.08 27.44
C
522.08 30.22
522.11 32.55
522.17 34.44
C
519.56 34.44 L
519.56 32.88 L
517.16 32.88 L
517.16 35.58 L
514.55 35.58 L
514.61 32.78
514.64 30.12
514.64 27.61
C
514.64 25.04
514.61 22.45
514.55 19.86
C
522.17 19.86 L
529 22.33 M
529 20.98
528.96 19.45
528.89 17.73
C
531.61 17.73 L
531.55 19.45
531.52 20.98
531.52 22.33
C
532.04 22.33
532.91 22.29
534.14 22.22
C
534.14 24.7 L
532.91 24.63
532.04 24.59
531.52 24.59
C
531.52 35.16 L
531.52 36.18
531.13 36.82
530.36 37.08
C
529.59 37.34
528.51 37.54
527.11 37.69
C
527.11 36.82
526.56 35.84
525.47 34.75
C
527.29 34.94
528.34 35.01
528.6 34.98
C
528.87 34.94
529 34.72
529 34.33
C
529 24.59 L
526.56 24.59
524.27 24.63
522.11 24.69
C
522.11 22.23 L
524.15 22.3
526.45 22.33
529 22.33
C
519.56 30.61 M
519.56 27.38 L
517.16 27.38 L
517.16 30.61 L
519.56 30.61 L
519.56 25.11 M
519.56 22.13 L
517.16 22.13 L
517.16 25.11 L
519.56 25.11 L
525.25 25.8 M
526.1 27.18
526.94 28.69
527.77 30.33
C
526.91 30.59
526.04 30.96
525.16 31.44
C
524.62 29.83
523.86 28.33
522.86 26.92
C
523.67 26.57
524.47 26.19
525.25 25.8
C
554.25 19.05 M
554.19 20.65
554.16 22.16
554.16 23.58
C
554.16 32.86 L
554.16 34.33
554.19 35.92
554.25 37.64
C
551.72 37.64 L
551.72 36.08 L
546.44 36.08 L
546.44 37.8 L
543.91 37.8 L
543.98 35.86
544.02 34.29
544.02 33.09
C
544.02 23.5 L
544.02 22.08
543.98 20.6
543.91 19.05
C
554.25 19.05 L
538.59 22.33 M
538.59 20.39
538.56 18.89
538.48 17.81
C
541.22 17.81 L
541.15 18.94
541.11 20.44
541.11 22.33
C
542.12 22.33
543.13 22.29
544.14 22.2
C
544.14 24.72 L
543.18 24.64
542.17 24.59
541.11 24.59
C
540.91 26.69 L
540.81 26.6
541.03 26.26
541.56 25.64
C
542.78 26.92
543.84 28.19
544.73 29.44
C
544.18 29.81
543.54 30.37
542.8 31.11
C
542.03 29.78
541.46 28.93
541.11 28.58
C
541.11 33.75 L
541.11 34.68
541.14 36.03
541.2 37.8
C
538.5 37.8 L
538.56 36.03
538.59 34.71
538.59 33.84
C
539.03 28.27 L
538.58 30.42
537.75 32.29
536.53 33.86
C
535.95 32.94
535.35 32.22
534.75 31.7
C
535.34 31.19
535.99 30.26
536.68 28.91
C
537.37 27.57
537.87 26.13
538.17 24.59
C
537.33 24.59
536.38 24.63
535.31 24.7
C
535.31 22.22 L
536.59 22.29
537.69 22.33
538.59 22.33
C
551.72 33.81 M
551.72 30.91 L
546.44 30.91 L
546.44 33.81 L
551.72 33.81 L
551.72 24.05 M
551.72 21.31 L
546.44 21.31 L
546.44 24.05 L
551.72 24.05 L
551.72 28.64 M
551.72 26.23 L
546.44 26.23 L
546.44 28.64 L
551.72 28.64 L
556.72 20.91 M
557.84 20.98
558.95 21.02
560.03 21.02
C
565.22 21.02 L
564.61 24.89
563.93 27.72
563.16 29.52
C
564.43 31.31
565.47 32.84
566.28 34.11
C
565.69 34.54
565.02 35.08
564.27 35.75
C
562.95 33.49
562.16 32.18
561.89 31.83
C
561.43 32.62
560.87 33.41
560.2 34.2
C
559.54 34.98
558.59 35.95
557.36 37.11
C
556.82 36.42
556.1 35.88
555.22 35.48
C
556.53 34.55
557.56 33.65
558.3 32.8
C
559.05 31.96
559.72 30.95
560.33 29.8
C
559.15 28.37
557.9 27.03
556.58 25.78
C
557.15 25.3
557.76 24.74
558.41 24.09
C
560.2 26.07
561.2 27.18
561.42 27.42
C
561.96 25.94
562.32 24.54
562.48 23.2
C
560.03 23.2 L
558.95 23.2
557.84 23.24
556.72 23.31
C
556.72 20.91 L
564.59 22.72 M
566.21 22.78
567.26 22.81
567.73 22.81
C
570.83 22.81 L
570.83 20.8 L
570.83 20.1
570.76 19.19
570.61 18.06
C
573.47 18.06 L
573.39 19.02
573.34 19.98
573.34 20.95
C
573.34 22.81 L
573.59 22.81
574.49 22.78
576.05 22.72
C
576.05 25.11 L
574.49 25.04
573.59 25
573.34 25
C
573.34 34.89 L
573.42 36.14
573.02 36.92
572.16 37.23
C
571.3 37.55
570.27 37.78
569.05 37.92
C
568.84 37.06
568.45 36.15
567.88 35.2
C
569.53 35.2
570.45 35.16
570.62 35.08
C
570.8 34.99
570.87 34.72
570.83 34.27
C
570.83 25 L
567.83 25 L
567.35 25
566.27 25.07
564.59 25.2
C
564.59 22.72 L
566.89 25.72 M
567.99 27.66
568.94 29.48
569.73 31.2
C
568.78 31.57
567.98 32.01
567.36 32.53
C
566.74 30.68
565.9 28.83
564.81 26.98
C
565.47 26.7
566.16 26.28
566.89 25.72
C
591.41 18.48 M
590.86 19.14
590.53 19.61
590.4 19.89
C
590.27 20.17
590.17 20.29
590.09 20.25
C
594.97 20.11 L
594.35 21.04
593.91 21.81
593.64 22.42
C
593.37 23.04
593.17 23.49
593.03 23.8
C
595.86 23.8 L
595.78 24.87
595.73 25.84
595.73 26.7
C
595.73 27.17 L
595.92 27.17
596.42 27.13
597.22 27.03
C
597.22 29.42 L
596.52 29.32
596.03 29.27
595.73 29.27
C
595.73 29.98 L
595.73 31.07
595.77 32.25
595.84 33.53
C
593.47 33.53 L
593.47 32.63 L
592.05 32.63 L
592.05 35.25 L
591.98 36.11
591.7 36.71
591.2 37.05
C
590.7 37.38
589.57 37.61
587.81 37.75
C
587.81 36.97
587.54 36.07
586.98 35.06
C
588.2 35.16
588.97 35.18
589.3 35.15
C
589.62 35.11
589.78 34.97
589.78 34.73
C
589.78 32.63 L
589.06 32.63 L
588.43 32.63
587.6 32.67
586.58 32.75
C
586.58 30.48 L
587.54 30.57
588.36 30.61
589.06 30.61
C
589.78 30.61 L
589.78 29.27 L
588.98 29.27 L
588.29 29.27
587.32 29.3
586.09 29.38
C
586.09 27.14 L
587.16 27.21
588.15 27.25
589.06 27.25
C
589.78 27.25 L
589.78 25.83 L
589.06 25.83 L
588.75 25.83
588.03 25.86
586.91 25.94
C
587.2 24.75 L
587.35 24.88
587.16 25.26
586.64 25.89
C
586.17 25.14
585.65 24.52
585.06 24.02
C
586.12 22.96
586.88 21.89
587.33 20.8
C
587.78 19.72
588.19 18.6
588.56 17.47
C
589.39 17.88
590.33 18.21
591.41 18.48
C
585.92 27.25 M
585.85 28.31
585.81 29.25
585.81 30.06
C
585.81 35.06 L
585.81 36.06
585.54 36.7
585.01 36.97
C
584.47 37.24
583.59 37.49
582.38 37.72
C
582.29 36.98
581.97 36.14
581.41 35.2
C
582.81 35.2
583.5 35.12
583.47 34.95
C
583.47 34.36 L
580.08 34.36 L
580.08 37.47 L
577.69 37.47 L
577.77 36.56
577.81 35.71
577.81 34.91
C
577.81 30.06 L
577.81 29.25
577.77 28.31
577.69 27.25
C
585.92 27.25 L
580.59 19.95 M
580.59 19.76
580.56 19.1
580.48 17.98
C
583.06 17.98 L
582.98 19.1
582.94 19.76
582.94 19.95
C
583.58 19.95 L
584.33 19.95
585.38 19.92
586.72 19.84
C
586.72 22.08 L
585.38 22.01
584.33 21.97
583.58 21.97
C
582.94 21.97 L
582.94 22.41 L
583.58 22.41 L
583.89 22.41
584.64 22.37
585.81 22.3
C
585.81 24.53 L
584.58 24.46
583.81 24.42
583.48 24.42
C
582.94 24.42 L
582.94 24.88 L
583.81 24.88 L
584.57 24.88
585.52 24.83
586.64 24.75
C
586.64 27 L
585.46 26.93
584.52 26.89
583.81 26.89
C
579.72 26.89 L
578.85 26.89
577.89 26.93
576.83 27
C
576.83 24.75 L
577.89 24.83
578.85 24.88
579.72 24.88
C
580.59 24.88 L
580.59 24.42 L
579.64 24.42 L
579.32 24.42
578.71 24.46
577.81 24.55
C
577.81 22.28 L
578.71 22.36
579.32 22.41
579.64 22.41
C
580.59 22.41 L
580.59 21.97 L
579.64 21.97 L
578.93 21.97
578.05 22.01
576.98 22.08
C
576.98 19.83 L
578.05 19.91
578.93 19.95
579.64 19.95
C
580.59 19.95 L
588.33 23.7 M
588.45 23.71
589 23.72
589.97 23.72
C
590.52 23.72 L
590.97 22.75
591.22 22.22
591.25 22.13
C
589.31 22.13 L
588.68 23.16
588.35 23.68
588.33 23.7
C
583.47 32.33 M
583.47 31.73 L
580.08 31.73 L
580.08 32.33 L
583.47 32.33 L
583.47 29.7 M
583.47 29.27 L
580.08 29.27 L
580.08 29.7 L
583.47 29.7 L
593.47 27.25 M
593.47 25.83 L
592.05 25.83 L
592.05 27.25 L
593.47 27.25 L
593.47 30.61 M
593.47 29.27 L
592.05 29.27 L
592.05 30.61 L
593.47 30.61 L
605.55 20.69 M
605.76 19.9
605.9 18.83
605.97 17.48
C
607.07 17.87
608.13 18.11
609.14 18.2
C
608.67 19.05
608.34 19.88
608.16 20.69
C
613.92 20.69 L
614.67 20.69
615.69 20.61
616.98 20.47
C
616.98 23.14 L
615.65 23.07
614.6 23.03
613.84 23.03
C
611.14 23.03 L
611.48 23.82
612.02 24.54
612.75 25.2
C
613.48 25.85
614.18 26.33
614.85 26.63
C
615.52 26.94
616.77 27.27
618.58 27.63
C
617.41 28.41
616.65 29.22
616.3 30.06
C
614.29 29.22
612.86 28.44
612.01 27.73
C
611.16 27.03
610.45 26.27
609.88 25.48
C
609.3 24.68
608.88 23.86
608.61 23.03
C
607.48 23.03 L
606.88 24.39
606.03 25.64
604.93 26.8
C
603.83 27.95
602.04 29.23
599.56 30.63
C
599.32 29.9
598.61 29.15
597.42 28.38
C
599.27 27.76
600.83 26.95
602.12 25.95
C
603.42 24.95
604.28 23.98
604.72 23.03
C
601.7 23.03 L
600.84 23.03
599.77 23.07
598.48 23.14
C
598.48 20.47 L
599.71 20.61
600.79 20.69
601.7 20.69
C
605.55 20.69 L
606.19 30.45 M
606.11 31.79
606.08 32.78
606.08 33.42
C
606.08 34.02
606.09 34.41
606.1 34.59
C
606.12 34.78
606.29 34.88
606.62 34.88
C
610.02 34.88 L
610.37 34.92
610.66 34.87
610.89 34.74
C
611.12 34.61
611.34 33.86
611.55 32.5
C
612.43 33.13
613.36 33.55
614.34 33.77
C
613.77 35.29
613.29 36.26
612.89 36.68
C
612.49 37.1
611.71 37.29
610.55 37.23
C
605.61 37.23 L
604.39 37.09
603.73 36.7
603.63 36.05
C
603.53 35.41
603.48 34.7
603.48 33.92
C
603.48 33.11
603.45 31.95
603.38 30.45
C
606.19 30.45 L
602.67 31.17 M
602.03 33.06
601.24 35.02
600.31 37.06
C
599.65 36.55
598.81 36.21
597.8 36.05
C
598.97 34.09
599.69 32.13
599.95 30.17
C
600.94 30.59
601.85 30.92
602.67 31.17
C
614.47 29.64 M
615.59 31.17
616.74 32.71
617.91 34.27
C
617.12 34.81
616.39 35.39
615.69 36
C
614.71 34.18
613.58 32.52
612.3 31.03
C
613.16 30.69
613.89 30.22
614.47 29.64
C
606.27 24.72 M
607.53 25.72
608.64 26.73
609.59 27.77
C
608.84 28.27
608.17 28.85
607.58 29.53
C
606.79 28.46
605.76 27.45
604.48 26.5
C
606.27 24.72 L
608.62 28.94 M
609.35 30.09
609.99 31.26
610.55 32.44
C
609.88 32.85
609.12 33.28
608.27 33.7
C
607.79 32.34
607.17 31.13
606.42 30.08
C
607.24 29.81
607.98 29.43
608.62 28.94
C
625.8 27.14 M
626.58 26.64
627.17 26.02
627.59 25.27
C
628 24.52
628.32 23.83
628.56 23.2
C
628.17 23.2
627.33 23.24
626.05 23.31
C
626.05 20.83 L
627.38 20.9
628.52 20.94
629.45 20.94
C
629.7 20.23
629.93 19.16
630.12 17.72
C
631.16 17.96
632.2 18.24
633.27 18.56
C
632.45 20.06
632.03 20.85
632 20.94
C
635.17 20.94 L
636.15 20.94
637.2 20.9
638.31 20.81
C
638.31 23.31 L
637.25 23.24
636.23 23.2
635.25 23.2
C
631.11 23.2 L
630.8 23.91
630.2 25.13
629.33 26.84
C
631.3 26.84 L
631.3 26.3 L
631.3 25.76
631.26 25.01
631.17 24.05
C
633.92 24.05 L
633.84 24.95
633.8 25.62
633.8 26.05
C
633.8 26.84 L
634.67 26.84 L
635.6 26.84
636.65 26.8
637.83 26.72
C
637.83 29.14 L
636.7 29.06
635.68 29.02
634.77 29.02
C
633.8 29.02 L
633.8 31.34 L
635.58 31.34 L
636.56 31.34
637.6 31.31
638.72 31.23
C
638.72 33.73 L
637.6 33.65
636.58 33.61
635.66 33.61
C
633.8 33.61 L
633.8 34.91 L
633.8 35.66
633.84 36.59
633.92 37.72
C
631.17 37.72 L
631.26 36.59
631.3 35.74
631.3 35.16
C
631.3 33.61 L
628.94 33.61 L
628.02 33.61
626.95 33.65
625.72 33.72
C
625.72 31.23 L
626.95 31.31
628.02 31.34
628.94 31.34
C
631.3 31.34 L
631.3 29.11 L
630.56 29.11
629.84 29.14
629.15 29.19
C
628.46 29.24
627.69 29.38
626.86 29.61
C
626.45 28.45
626.1 27.63
625.8 27.14
C
626.7 19.05 M
625.57 21.94
624.8 24.11
624.41 25.55
C
625.28 26.72
625.86 27.69
626.16 28.45
C
626.45 29.21
626.56 29.94
626.5 30.64
C
626.44 31.34
626.08 31.93
625.44 32.43
C
624.79 32.92
623.92 33.33
622.83 33.64
C
622.53 32.73
622.15 31.78
621.69 30.78
C
622.98 30.78
623.7 30.67
623.84 30.46
C
623.98 30.25
624 29.89
623.91 29.39
C
623.81 28.89
623.64 28.39
623.38 27.88
C
623.13 27.36
622.66 26.73
621.97 25.98
C
622.77 23.44
623.22 21.86
623.33 21.23
C
622.16 21.23 L
622.16 37.47 L
619.62 37.47 L
619.69 35.7
619.72 34.08
619.72 32.61
C
619.72 23.02 L
619.72 21.77
619.69 20.44
619.62 19.05
C
626.7 19.05 L
649.11 19.13 M
650.36 19.13
651.46 19.08
652.42 19
C
652.42 21.34 L
651.46 21.27
650.2 21.23
648.62 21.23
C
646.78 21.23 L
646.71 21.65
646.55 22.37
646.31 23.39
C
651.17 23.39 L
650.85 25.93
650.46 27.92
650.02 29.34
C
649.57 30.77
648.98 32.01
648.24 33.06
C
647.51 34.11
646.69 34.99
645.8 35.69
C
644.9 36.39
643.75 37.2
642.34 38.14
C
641.77 37.27
641.05 36.44
640.19 35.67
C
642 34.9
643.35 34.19
644.24 33.53
C
645.13 32.88
645.8 32.16
646.25 31.39
C
646.11 31.28
645.79 31
645.27 30.56
C
644.76 30.13
644.13 29.63
643.39 29.06
C
645.11 27.09 L
645.72 27.53
646.23 27.93
646.62 28.3
C
647.01 28.66
647.3 28.94
647.48 29.13
C
647.64 28.73
647.81 28.2
648 27.53
C
648.19 26.86
648.31 26.21
648.38 25.58
C
645.56 25.58 L
645.24 26.4
644.8 27.28
644.23 28.21
C
643.67 29.14
642.92 30.04
641.98 30.89
C
641.42 30.41
640.7 29.89
639.81 29.31
C
640.65 28.48
641.3 27.7
641.78 26.98
C
642.26 26.27
642.66 25.56
642.98 24.88
C
643.29 24.19
643.53 23.5
643.69 22.81
C
643.84 22.13
643.95 21.6
644.02 21.23
C
643.05 21.23 L
641.91 21.23
640.97 21.28
640.23 21.38
C
640.23 18.98 L
640.97 19.08
641.94 19.13
643.12 19.13
C
649.11 19.13 L
659.55 18.31 M
659.39 19.44
659.31 20.46
659.31 21.38
C
659.31 35.16 L
659.31 36.02
659.06 36.62
658.56 36.95
C
658.06 37.29
656.93 37.59
655.17 37.86
C
654.96 36.82
654.53 35.78
653.88 34.75
C
655.5 34.83
656.39 34.86
656.55 34.83
C
656.72 34.8
656.8 34.6
656.8 34.25
C
656.8 21.38 L
656.8 20.5
656.76 19.48
656.69 18.31
C
659.55 18.31 L
655.45 20.77 M
655.3 21.73
655.22 22.81
655.22 24
C
655.22 29.91 L
655.22 30.88
655.26 31.89
655.33 32.95
C
652.39 32.95 L
652.55 31.88
652.62 30.86
652.62 29.91
C
652.62 23.67 L
652.62 22.76
652.54 21.79
652.38 20.77
C
655.45 20.77 L
668 18.69 M
667.55 19.49
667.14 20.57
666.75 21.92
C
670.33 21.92 L
670.26 23.15
670.22 24.47
670.22 25.88
C
670.22 33.09 L
670.22 33.92
670.26 35.24
670.33 37.06
C
667.8 37.06 L
667.8 35.42 L
664.48 35.42 L
664.48 37.23 L
661.95 37.23 L
662.02 35.18
662.05 33.94
662.05 33.52
C
662.05 25.97 L
662.05 24.5
662.01 23.15
661.94 21.92
C
664.44 21.92 L
664.66 20.9
664.87 19.53
665.08 17.81
C
666.17 18.21
667.15 18.5
668 18.69
C
679.98 25.23 M
679.93 28.58
679.8 31.76
679.58 34.78
C
679.44 35.95
678.86 36.71
677.83 37.08
C
676.8 37.44
675.54 37.7
674.06 37.84
C
673.99 37.02
673.59 36.07
672.88 35
C
674.52 35.08
675.61 35.08
676.14 34.98
C
676.67 34.89
677 34.7
677.12 34.41
C
677.25 34.13
677.35 33.07
677.44 31.23
C
677.52 29.4
677.58 26.97
677.62 23.94
C
673.61 23.94 L
673.23 24.81
672.54 26.14
671.52 27.91
C
670.91 27.29
670.19 26.82
669.34 26.48
C
670.04 25.55
670.6 24.63
671.03 23.72
C
671.46 22.81
671.83 21.83
672.16 20.76
C
672.48 19.69
672.68 18.67
672.77 17.69
C
673.89 18.17
674.9 18.54
675.8 18.81
C
675.34 19.55
675.02 20.18
674.83 20.69
C
674.64 21.2
674.53 21.5
674.48 21.59
C
680.09 21.59 L
680.02 23.03
679.98 24.24
679.98 25.23
C
667.8 33.16 M
667.8 29.67 L
664.48 29.67 L
664.48 33.16 L
667.8 33.16 L
667.8 27.41 M
667.8 24.19 L
664.48 24.19 L
664.48 27.41 L
667.8 27.41 L
675.09 28.39 M
675.43 29.06
675.88 30.05
676.44 31.36
C
675.8 31.63
675.02 32.04
674.08 32.59
C
673.58 31.24
673.17 30.2
672.84 29.48
C
672.52 28.75
672.11 28.03
671.62 27.3
C
672.28 26.92
673.05 26.49
673.92 26.02
C
675.09 28.39 L
691.98 35.34 M
689.05 35.34 L
686.09 29.27 L
684.66 29.27 L
684.66 35.34 L
681.91 35.34 L
681.91 20.44 L
686.44 20.44 L
687.85 20.44
689.02 20.79
689.94 21.49
C
690.85 22.2
691.31 23.33
691.31 24.89
C
691.31 26.1
691.01 27.04
690.39 27.72
C
689.78 28.4
689.24 28.79
688.8 28.89
C
691.98 35.34 L
688.55 24.89 M
688.55 24.26
688.36 23.76
687.98 23.41
C
687.61 23.05
686.96 22.88
686.03 22.88
C
684.66 22.88 L
684.66 26.84 L
686.52 26.84 L
687.08 26.84
687.56 26.7
687.95 26.41
C
688.35 26.13
688.55 25.62
688.55 24.89
C
702.47 35.34 M
699.95 35.34 L
700.23 25.06 L
700.39 25.09 L
698.62 35.34 L
696.59 35.34 L
694.81 25.09 L
694.98 25.06 L
695.25 35.34 L
692.73 35.34 L
692.73 20.44 L
696.08 20.44 L
697.69 29.95 L
697.52 29.95 L
699.12 20.44 L
702.47 20.44 L
702.47 35.34 L
713.39 30.97 M
713.39 32.35
712.95 33.46
712.07 34.27
C
711.19 35.09
710.01 35.5
708.52 35.5
C
707.04 35.5
705.87 35.08
705.02 34.23
C
704.16 33.38
703.73 32.32
703.73 31.05
C
703.73 30.03 L
706.5 30.03 L
706.5 30.97 L
706.5 31.66
706.7 32.18
707.1 32.54
C
707.5 32.9
707.97 33.08
708.52 33.08
C
709.27 33.08
709.8 32.89
710.13 32.52
C
710.46 32.14
710.62 31.68
710.62 31.13
C
710.62 30.71
710.41 30.3
709.98 29.89
C
709.56 29.48
708.91 29.1
708.03 28.75
C
706.67 28.23
705.66 27.64
705.02 26.97
C
704.38 26.3
704.06 25.5
704.06 24.56
C
704.06 23.29
704.51 22.26
705.39 21.47
C
706.28 20.68
707.32 20.28
708.52 20.28
C
710.09 20.28
711.23 20.75
711.93 21.7
C
712.63 22.64
712.98 23.8
712.98 25.17
C
710.17 25.17 L
710.24 24.36
710.13 23.76
709.83 23.37
C
709.53 22.98
709.09 22.78
708.52 22.78
C
707.97 22.78
707.56 22.92
707.27 23.2
C
706.97 23.47
706.83 23.85
706.83 24.33
C
706.83 24.71
706.95 25.05
707.2 25.34
C
707.44 25.62
708.16 25.99
709.34 26.45
C
710.6 26.97
711.59 27.61
712.31 28.36
C
713.03 29.11
713.39 29.98
713.39 30.97
C
724.39 35.34 M
715.16 35.34 L
715.16 20.44 L
723.98 20.44 L
723.98 22.88 L
717.91 22.88 L
717.91 26.34 L
723.48 26.34 L
723.48 28.78 L
717.91 28.78 L
717.91 32.91 L
724.39 32.91 L
724.39 35.34 L
741.06 32.33 M
741.46 32.85
742.17 33.45
743.2 34.14
C
744.23 34.83
745.38 35.4
746.64 35.84
C
745.85 36.41
745.14 37.17
744.52 38.13
C
743.56 37.53
742.67 36.93
741.87 36.31
C
741.06 35.7
740.26 34.99
739.45 34.2
C
738.7 34.9
737.81 35.56
736.78 36.17
C
735.75 36.79
734.46 37.43
732.92 38.11
C
732.61 37.4
732.01 36.65
731.12 35.84
C
732.75 35.39
734.16 34.84
735.35 34.2
C
736.54 33.55
737.46 32.88
738.09 32.16
C
737.77 31.68
737.36 30.97
736.87 30.03
C
736.37 29.09
736.02 28.4
735.8 27.94
C
735.55 28.3 L
734.77 27.74
734.08 27.27
733.48 26.88
C
734.22 26
734.95 24.85
735.67 23.43
C
736.39 22.01
737.04 20.15
737.61 17.86
C
738.55 18.33
739.49 18.61
740.44 18.7
C
739.89 19.62
739.47 20.42
739.2 21.09
C
738.93 21.77
738.74 22.23
738.64 22.48
C
742.09 22.48 L
743.23 22.48
744.33 22.45
745.39 22.38
C
745.39 24.8 L
744.55 24.71
743.82 24.67
743.22 24.67
C
742.92 27.81
742.2 30.36
741.06 32.33
C
734.42 20.11 M
734.36 21.66
734.33 23.07
734.33 24.33
C
734.33 25.58
734.36 26.9
734.42 28.28
C
729.56 28.28 L
729.56 33.52 L
731.14 32.66
732.6 31.71
733.95 30.66
C
734.13 31.75
734.39 32.59
734.73 33.17
C
733.44 33.92
732.31 34.6
731.33 35.2
C
730.35 35.79
729.22 36.53
727.94 37.41
C
727.47 36.69
726.92 36.01
726.28 35.38
C
726.9 34.83
727.18 34.27
727.14 33.69
C
727.14 29.16 L
727.14 28.41
727.1 27.39
727.03 26.09
C
731.97 26.09 L
731.97 22.3 L
729.7 22.3 L
728.78 22.3
727.67 22.33
726.39 22.41
C
726.39 20 L
727.67 20.07
728.78 20.11
729.7 20.11
C
734.42 20.11 L
736.59 26.36 M
736.52 26.27
736.78 26.02
737.38 25.63
C
737.89 26.88
738.36 27.92
738.79 28.75
C
739.22 29.58
739.48 30.07
739.58 30.22
C
740.2 29.05
740.61 27.2
740.8 24.67
C
737.75 24.67 L
737.34 25.41
736.96 25.97
736.59 26.36
C
762.39 18.72 M
761.61 19.31
761.09 19.86
760.84 20.36
C
762.02 20.36 L
763.05 20.36
764.23 20.32
765.58 20.25
C
765.58 22.48 L
764.23 22.41
763.05 22.38
762.02 22.38
C
758.03 22.38 L
758.03 23.06 L
760.8 23.06 L
761.66 23.06
762.76 23.03
764.09 22.95
C
764.09 25.19 L
762.76 25.11
761.66 25.08
760.8 25.08
C
758.03 25.08 L
758.03 25.77 L
762.02 25.77 L
762.94 25.77
764.05 25.73
765.33 25.66
C
765.33 27.91 L
764.05 27.83
762.94 27.8
762.02 27.8
C
761.77 27.59 L
761.83 27.46
762.32 27.63
763.23 28.09
C
762.41 28.76
762.01 29.05
762.03 28.97
C
763.5 28.97 L
764.36 28.97
765.41 28.93
766.64 28.86
C
766.64 31.22 L
765.46 31.06
764.42 30.98
763.5 30.98
C
750.3 30.98 L
749.33 30.98
748.25 31.06
747.06 31.22
C
747.06 28.86 L
748.29 28.93
749.37 28.97
750.3 28.97
C
751.28 29.06 L
751.22 29.09
750.98 28.8
750.56 28.19
C
751.34 27.75
752.04 27.41
752.64 27.16
C
753.23 27.9
753.66 28.5
753.92 28.97
C
755.59 28.97 L
755.59 27.8 L
751.94 27.8 L
750.64 27.8
749.45 27.83
748.38 27.91
C
748.38 25.66 L
749.45 25.73
750.6 25.77
751.84 25.77
C
755.59 25.77 L
755.59 25.08 L
752.67 25.08 L
751.7 25.08
750.71 25.12
749.69 25.2
C
749.69 22.94 L
750.65 23.02
751.64 23.06
752.67 23.06
C
755.59 23.06 L
755.59 22.38 L
751.52 22.38 L
750.48 22.38
749.3 22.41
747.97 22.48
C
747.97 20.25 L
749.3 20.32
750.48 20.36
751.52 20.36
C
752.7 20.36 L
752.56 20.06
752.13 19.55
751.42 18.84
C
752.09 18.36
752.74 17.93
753.39 17.53
C
754.22 18.36
754.97 19.23
755.62 20.14
C
754.91 20.49
754.52 20.62
754.47 20.52
C
758.31 20.36 L
758.86 19.26
759.18 18.26
759.27 17.36
C
762.39 18.72 L
764.09 37.72 M
761.59 37.72 L
761.59 36.73 L
752.2 36.73 L
752.2 37.72 L
749.69 37.72 L
749.69 31.59 L
764.09 31.59 L
764.09 37.72 L
761.59 34.63 M
761.59 33.61 L
752.2 33.61 L
752.2 34.63 L
761.59 34.63 L
759.62 28.97 M
759.85 28.51
760.01 28.12
760.08 27.8
C
758.03 27.8 L
758.03 28.97 L
759.62 28.97 L
cp
f
GR
1018 481 1 146 481 DL
0.85 0.33 0.10 RC
177.78 103.75 177.78 481 161.89 481 3 161.89 103.75 DPLF
287.03 271.68 287.03 481 271.14 481 3 271.14 271.68 DPLF
396.28 85.66 396.28 481 380.39 481 3 380.39 85.66 DPLF
505.53 256.77 505.53 481 489.64 481 3 489.64 256.77 DPLF
614.77 265.55 614.77 481 598.88 481 3 598.88 265.55 DPLF
724.02 323.33 724.02 481 708.13 481 3 708.13 323.33 DPLF
833.27 280.27 833.27 481 817.38 481 3 817.38 280.27 DPLF
942.52 270.11 942.52 481 926.63 481 3 926.63 270.11 DPLF
0.83 0 0 [] 0 0.13 LAG
177.78 481 177.78 103.75 161.89 103.75 3 161.89 481 DPL
287.03 481 287.03 271.68 271.14 271.68 3 271.14 481 DPL
396.28 481 396.28 85.66 380.39 85.66 3 380.39 481 DPL
505.53 481 505.53 256.77 489.64 256.77 3 489.64 481 DPL
614.77 481 614.77 265.55 598.88 265.55 3 598.88 481 DPL
724.02 481 724.02 323.33 708.13 323.33 3 708.13 481 DPL
833.27 481 833.27 280.27 817.38 280.27 3 817.38 481 DPL
942.52 481 942.52 270.11 926.63 270.11 3 926.63 481 DPL
0.00 0.45 0.74 RC
197.64 216.61 197.64 481 181.75 481 3 181.75 216.61 DPLF
306.89 263.62 306.89 481 291 481 3 291 263.62 DPLF
416.14 94.23 416.14 481 400.25 481 3 400.25 94.23 DPLF
525.39 249.42 525.39 481 509.5 481 3 509.5 249.42 DPLF
634.64 193.28 634.64 481 618.75 481 3 618.75 193.28 DPLF
743.89 293.04 743.89 481 728 481 3 728 293.04 DPLF
853.13 271.81 853.13 481 837.24 481 3 837.24 271.81 DPLF
962.38 322.92 962.38 481 946.49 481 3 946.49 322.92 DPLF
0.83 0 0 [] 0 0.13 LAG
197.64 481 197.64 216.61 181.75 216.61 3 181.75 481 DPL
306.89 481 306.89 263.62 291 263.62 3 291 481 DPL
416.14 481 416.14 94.23 400.25 94.23 3 400.25 481 DPL
525.39 481 525.39 249.42 509.5 249.42 3 509.5 481 DPL
634.64 481 634.64 193.28 618.75 193.28 3 618.75 481 DPL
743.89 481 743.89 293.04 728 293.04 3 728 481 DPL
853.13 481 853.13 271.81 837.24 271.81 3 837.24 481 DPL
962.38 481 962.38 322.92 946.49 322.92 3 946.49 481 DPL
0.47 0.67 0.19 RC
217.51 432.36 217.51 481 201.62 481 3 201.62 432.36 DPLF
326.76 465.86 326.76 481 310.87 481 3 310.87 465.86 DPLF
436 449.15 436 481 420.11 481 3 420.11 449.15 DPLF
545.25 451.34 545.25 481 529.36 481 3 529.36 451.34 DPLF
654.5 461.52 654.5 481 638.61 481 3 638.61 461.52 DPLF
763.75 461.94 763.75 481 747.86 481 3 747.86 461.94 DPLF
873 463.58 873 481 857.11 481 3 857.11 463.58 DPLF
982.25 465.03 982.25 481 966.36 481 3 966.36 465.03 DPLF
0.83 0 0 [] 0 0.13 LAG
217.51 481 217.51 432.36 201.62 432.36 3 201.62 481 DPL
326.76 481 326.76 465.86 310.87 465.86 3 310.87 481 DPL
436 481 436 449.15 420.11 449.15 3 420.11 481 DPL
545.25 481 545.25 451.34 529.36 451.34 3 529.36 481 DPL
654.5 481 654.5 461.52 638.61 461.52 3 638.61 481 DPL
763.75 481 763.75 461.94 747.86 461.94 3 747.86 481 DPL
873 481 873 463.58 857.11 463.58 3 857.11 481 DPL
982.25 481 982.25 465.03 966.36 465.03 3 966.36 481 DPL
0.49 0.18 0.56 RC
237.37 221.29 237.37 481 221.48 481 3 221.48 221.29 DPLF
346.62 253.04 346.62 481 330.73 481 3 330.73 253.04 DPLF
455.87 107.36 455.87 481 439.98 481 3 439.98 107.36 DPLF
565.12 232.57 565.12 481 549.23 481 3 549.23 232.57 DPLF
674.36 184.37 674.36 481 658.47 481 3 658.47 184.37 DPLF
783.61 310.75 783.61 481 767.72 481 3 767.72 310.75 DPLF
892.86 248.08 892.86 481 876.97 481 3 876.97 248.08 DPLF
1002.11 318.84 1002.11 481 986.22 481 3 986.22 318.84 DPLF
0.83 0 0 [] 0 0.13 LAG
237.37 481 237.37 221.29 221.48 221.29 3 221.48 481 DPL
346.62 481 346.62 253.04 330.73 253.04 3 330.73 481 DPL
455.87 481 455.87 107.36 439.98 107.36 3 439.98 481 DPL
565.12 481 565.12 232.57 549.23 232.57 3 549.23 481 DPL
674.36 481 674.36 184.37 658.47 184.37 3 658.47 481 DPL
783.61 481 783.61 310.75 767.72 310.75 3 767.72 481 DPL
892.86 481 892.86 248.08 876.97 248.08 3 876.97 481 DPL
1002.11 481 1002.11 318.84 986.22 318.84 3 986.22 481 DPL
GS
540 561.12 M
N
547.42 552.92 M
548.17 552.45
548.74 551.86
549.13 551.14
C
549.52 550.42
549.83 549.76
550.05 549.17
C
549.67 549.17
548.88 549.2
547.66 549.26
C
547.66 546.9 L
548.93 546.98
550.01 547.01
550.91 547.01
C
551.15 546.33
551.36 545.31
551.55 543.95
C
552.54 544.18
553.54 544.44
554.55 544.75
C
553.77 546.17
553.36 546.93
553.34 547.01
C
556.36 547.01 L
557.29 547.01
558.28 546.98
559.34 546.9
C
559.34 549.28 L
558.33 549.2
557.36 549.17
556.44 549.17
C
552.48 549.17 L
552.19 549.85
551.62 551
550.78 552.64
C
552.66 552.64 L
552.66 552.11 L
552.66 551.6
552.62 550.89
552.55 549.98
C
555.17 549.98 L
555.09 550.85
555.05 551.48
555.05 551.87
C
555.05 552.64 L
555.89 552.64 L
556.77 552.64
557.76 552.6
558.88 552.53
C
558.88 554.82 L
557.81 554.75
556.84 554.71
555.97 554.71
C
555.05 554.71 L
555.05 556.93 L
556.75 556.93 L
557.68 556.93
558.67 556.9
559.73 556.82
C
559.73 559.2 L
558.67 559.13
557.7 559.09
556.83 559.09
C
555.05 559.09 L
555.05 560.31 L
555.05 561.04
555.08 561.93
555.16 563
C
552.55 563 L
552.62 561.93
552.66 561.12
552.66 560.54
C
552.66 559.09 L
550.42 559.09 L
549.54 559.09
548.51 559.13
547.34 559.2
C
547.34 556.82 L
548.51 556.9
549.54 556.93
550.42 556.93
C
552.66 556.93 L
552.66 554.79 L
551.96 554.79
551.28 554.82
550.62 554.87
C
549.96 554.92
549.23 555.06
548.44 555.28
C
548.04 554.17
547.7 553.39
547.42 552.92
C
548.3 545.21 M
547.21 547.98
546.48 550.04
546.11 551.4
C
546.93 552.52
547.48 553.44
547.77 554.17
C
548.05 554.9
548.16 555.59
548.09 556.25
C
548.03 556.92
547.69 557.48
547.08 557.96
C
546.46 558.43
545.64 558.81
544.59 559.11
C
544.31 558.24
543.95 557.33
543.52 556.39
C
544.73 556.39
545.41 556.29
545.55 556.08
C
545.68 555.88
545.71 555.54
545.62 555.07
C
545.53 554.59
545.36 554.11
545.12 553.63
C
544.87 553.14
544.43 552.54
543.78 551.82
C
544.55 549.4
544.98 547.89
545.08 547.29
C
543.95 547.29 L
543.95 562.76 L
541.55 562.76 L
541.61 561.07
541.64 559.53
541.64 558.12
C
541.64 548.98 L
541.64 547.79
541.61 546.54
541.55 545.21
C
548.3 545.21 L
569.64 545.29 M
570.83 545.29
571.88 545.25
572.78 545.17
C
572.78 547.4 L
571.88 547.33
570.67 547.29
569.17 547.29
C
567.41 547.29 L
567.34 547.7
567.19 548.39
566.95 549.36
C
571.59 549.36 L
571.29 551.77
570.93 553.66
570.5 555.02
C
570.07 556.38
569.51 557.56
568.8 558.56
C
568.1 559.56
567.32 560.39
566.47 561.06
C
565.61 561.73
564.52 562.5
563.19 563.39
C
562.64 562.56
561.95 561.78
561.14 561.04
C
562.86 560.31
564.14 559.64
564.99 559.01
C
565.84 558.39
566.48 557.7
566.91 556.96
C
566.78 556.86
566.47 556.6
565.98 556.18
C
565.48 555.77
564.89 555.29
564.19 554.75
C
565.83 552.89 L
566.41 553.3
566.89 553.68
567.26 554.03
C
567.63 554.37
567.9 554.63
568.08 554.81
C
568.22 554.43
568.39 553.93
568.56 553.29
C
568.74 552.66
568.86 552.04
568.94 551.43
C
566.25 551.43 L
565.95 552.21
565.53 553.05
564.99 553.93
C
564.46 554.82
563.74 555.67
562.84 556.5
C
562.31 556.04
561.62 555.54
560.77 555
C
561.57 554.19
562.2 553.45
562.65 552.77
C
563.1 552.09
563.48 551.42
563.78 550.77
C
564.08 550.12
564.31 549.46
564.46 548.8
C
564.61 548.14
564.72 547.64
564.78 547.29
C
563.86 547.29 L
562.78 547.29
561.88 547.34
561.17 547.43
C
561.17 545.15 L
561.88 545.25
562.8 545.29
563.94 545.29
C
569.64 545.29 L
579.56 544.51 M
579.42 545.58
579.34 546.55
579.34 547.42
C
579.34 560.54 L
579.34 561.38
579.1 561.95
578.62 562.27
C
578.15 562.59
577.07 562.88
575.41 563.14
C
575.2 562.14
574.78 561.15
574.16 560.17
C
575.71 560.25
576.56 560.28
576.72 560.25
C
576.88 560.21
576.95 560.03
576.95 559.68
C
576.95 547.42 L
576.95 546.6
576.92 545.63
576.84 544.51
C
579.56 544.51 L
575.67 546.86 M
575.52 547.78
575.44 548.8
575.44 549.92
C
575.44 555.54 L
575.44 556.47
575.47 557.44
575.55 558.46
C
572.75 558.46 L
572.9 557.43
572.97 556.46
572.97 555.54
C
572.97 549.61 L
572.97 548.74
572.9 547.82
572.75 546.86
C
575.67 546.86 L
583.91 548.34 M
583.91 546.82 L
583 546.82
581.98 546.86
580.86 546.93
C
580.86 544.56 L
582.03 544.63
583.7 544.67
585.89 544.67
C
588.07 544.67
589.82 544.63
591.14 544.56
C
591.14 546.93 L
590.18 546.86
589.27 546.82
588.41 546.82
C
588.41 548.34 L
591.08 548.34 L
591.02 550.34
590.98 552.69
590.98 555.39
C
590.98 558.1
591.02 560.53
591.08 562.68
C
588.75 562.68 L
588.75 561.28 L
583.56 561.28 L
583.56 562.92 L
581.31 562.92 L
581.38 560.97
581.41 558.43
581.41 555.31
C
581.41 552.14
581.38 549.82
581.31 548.34
C
583.91 548.34 L
591.09 544.5 M
592.62 544.56
593.81 544.59
594.64 544.59
C
598.91 544.59 L
598.83 545.86
598.8 547.35
598.8 549.06
C
598.8 550.73
598.83 552.17
598.91 553.39
C
593.88 553.39 L
593.88 560 L
593.88 560.4
594.08 560.61
594.48 560.61
C
596.98 560.61 L
597.18 560.61
597.33 560.43
597.43 560.08
C
597.53 559.73
597.58 558.92
597.58 557.65
C
598.49 558.38
599.38 558.82
600.23 558.96
C
599.78 560.6
599.4 561.64
599.12 562.09
C
598.83 562.54
598.25 562.76
597.38 562.76
C
593.47 562.76 L
592.25 562.76
591.64 562
591.64 560.46
C
591.64 554.21 L
591.64 553.5
591.61 552.53
591.55 551.31
C
596.48 551.31 L
596.48 546.75 L
594.16 546.75
592.36 546.78
591.09 546.84
C
591.09 544.5 L
583.56 556.46 M
588.75 556.46 L
588.75 555.5 L
587.55 555.5 L
586.73 555.28
586.33 554.75
586.33 553.9
C
586.33 550.34 L
585.91 550.34 L
585.91 551.23
585.85 552.13
585.75 553.04
C
585.65 553.96
585.28 555.08
584.64 556.42
C
584.06 555.99
583.7 555.77
583.56 555.75
C
583.56 556.46 L
588.75 559.2 M
588.75 558.39 L
583.56 558.39 L
583.56 559.2 L
588.75 559.2 L
588.33 553.04 M
588.33 553.41
588.47 553.57
588.75 553.54
C
588.75 550.34 L
588.33 550.34 L
588.33 553.04 L
583.55 553.75 M
583.49 553.79
583.54 553.43
583.69 552.67
C
583.83 551.91
583.91 551.13
583.91 550.34
C
583.56 550.34 L
583.55 553.75 L
586.33 548.34 M
586.33 546.82 L
585.91 546.82 L
585.91 548.34 L
586.33 548.34 L
612.3 548.89 M
611.98 549.63
611.81 549.99
611.77 549.96
C
615.27 549.9 L
615.98 549.9
617.08 549.87
618.56 549.81
C
618.56 552 L
617.14 551.93
616.04 551.9
615.27 551.9
C
611.41 551.9 L
611.36 552.17 L
616.47 552.17 L
616.41 553.75
616.38 554.98
616.38 555.86
C
616.38 560.45 L
617.34 560.45
618.44 560.41
619.66 560.34
C
619.66 562.39 L
618.23 562.32
617.03 562.29
616.05 562.29
C
604.8 562.29 L
603.76 562.29
602.57 562.32
601.25 562.39
C
601.25 560.34 L
602.62 560.41
603.72 560.45
604.53 560.45
C
604.53 555.86 L
604.53 554.98
604.5 553.75
604.44 552.17
C
609.05 552.17 L
609.08 551.9 L
605.42 551.9 L
604.48 551.9
603.35 551.93
602.03 552
C
602.03 549.79 L
603.35 549.87
604.48 549.9
605.42 549.9
C
609.34 549.9 L
609.36 549.75
609.38 549.32
609.38 548.64
C
610.2 548.8
611.17 548.89
612.3 548.89
C
618.28 544.82 M
618.21 545.83
618.17 546.65
618.17 547.26
C
618.17 547.88
618.21 548.56
618.3 549.32
C
602.78 549.32 L
602.85 548.41
602.89 547.69
602.89 547.18
C
602.89 546.62
602.85 545.83
602.78 544.82
C
618.28 544.82 L
614.3 554.36 M
614.3 554.09 L
606.61 554.09 L
606.61 554.36 L
614.3 554.36 L
614.3 556.39 M
614.3 556.2 L
606.61 556.2 L
606.61 556.39 L
614.3 556.39 L
614.3 560.45 M
614.3 560.26 L
606.61 560.26 L
606.61 560.45 L
614.3 560.45 L
614.3 558.34 M
614.3 558.39 L
606.61 558.39 L
606.61 558.34 L
614.3 558.34 L
611.56 547.48 M
611.56 546.67 L
609.27 546.67 L
609.27 547.48 L
611.56 547.48 L
615.86 547.48 M
615.86 546.67 L
613.64 546.67 L
613.64 547.48 L
615.86 547.48 L
607.34 547.48 M
607.34 546.67 L
605.2 546.67 L
605.2 547.48 L
607.34 547.48 L
cp
f
GR
0.83 2 2 [] 0 0.13 LAG
1018 481 1 146 481 DL
1018 42 1 146 42 DL
199.63 472.28 1 199.63 481 DL
199.63 42 1 199.63 50.72 DL
308.88 472.28 1 308.88 481 DL
308.88 42 1 308.88 50.72 DL
418.13 472.28 1 418.13 481 DL
418.13 42 1 418.13 50.72 DL
527.38 472.28 1 527.38 481 DL
527.38 42 1 527.38 50.72 DL
636.62 472.28 1 636.62 481 DL
636.62 42 1 636.62 50.72 DL
745.87 472.28 1 745.87 481 DL
745.87 42 1 745.87 50.72 DL
855.12 472.28 1 855.12 481 DL
855.12 42 1 855.12 50.72 DL
964.37 472.28 1 964.37 481 DL
964.37 42 1 964.37 50.72 DL
/SimHei 18.3333 F
GS
168.66 524.36 M
1 -1 scale
30 R
(ULA-8) t
GR
GS
262.32 533.36 M
1 -1 scale
30 R
(URA-3x3) t
GR
GS
371.57 533.36 M
1 -1 scale
30 R
(URA-4x2) t
GR
GS
496.4 524.36 M
N
503.29 519.97 M
496.96 523.62 L
490.95 513.22 L
492.36 512.4 L
497.7 521.66 L
502.62 518.82 L
503.29 519.97 L
506.67 510.47 M
506.94 509.93
507.07 509.27
507.06 508.5
C
507.05 507.72
506.96 506.87
506.8 505.92
C
506.19 506.28
505.53 506.69
504.82 507.16
C
504.15 505.99 L
504.95 505.59
505.78 505.14
506.63 504.65
C
506.47 503.82
506.21 502.94
505.84 502.02
C
506.44 501.83
507.04 501.67
507.67 501.52
C
507.7 502.7
507.76 503.51
507.84 503.95
C
510.64 502.33 L
511.38 501.91
512.03 501.5
512.62 501.1
C
513.29 502.26 L
512.7 502.55
512.04 502.9
511.31 503.32
C
508.02 505.22 L
508.1 506.04
508.2 507.47
508.3 509.53
C
510.62 508.19 L
510.2 507.46 L
509.96 507.06
509.69 506.62
509.37 506.15
C
510.71 505.38 L
510.92 505.85
511.12 506.25
511.3 506.57
C
511.84 507.49 L
512.81 506.93 L
513.5 506.53
514.16 506.12
514.79 505.7
C
515.42 506.79 L
514.79 507.11
514.13 507.47
513.44 507.86
C
512.4 508.46 L
513.77 510.83 L
515.42 509.88 L
516.15 509.46
516.8 509.05
517.39 508.67
C
518.05 509.82 L
517.43 510.13
516.77 510.49
516.07 510.89
C
514.37 511.87 L
515.1 513.15 L
515.43 513.72
515.8 514.3
516.19 514.88
C
514.85 515.65 L
514.54 515.03
514.25 514.49
513.99 514.04
C
513.15 512.58 L
511.08 513.77 L
510.39 514.17
