%!PS-Adobe-3.0 EPSF-3.0
%%Creator: (MATLAB, The MathWorks, Inc. Version 25.2.0.3042426 R2025b Update 1. Operating System: Microsoft Windows 11 专业版)
%%Title: ./fig5_改善倍数.eps
%%CreationDate: 2026-01-03T23:30:36
%%Pages: (atend)
%%BoundingBox:    0     0   851   362
%%LanguageLevel: 3
%%EndComments
/bd{bind def}bind def
/ld{load def}bd
/GR/grestore ld
/GS/gsave ld
/RM/rmoveto ld
/C/curveto ld
/t/show ld
/L/lineto ld
/RL/rlineto ld
/ML/setmiterlimit ld
/CT/concat ld
/f/fill ld
/N/newpath ld
/S/stroke ld
/CC/setcmykcolor ld
/A/ashow ld
/cp/closepath ld
/RC/setrgbcolor ld
/LJ/setlinejoin ld
/GC/setgray ld
/LW/setlinewidth ld
/LC/setlinecap ld
/LJ/setlinejoin ld
/SD/setdash ld
/M/moveto ld
/TX/translate ld
/R/rotate ld
/SC/scale ld

/CIRC {0 360 arc}bd
/F {exch findfont exch scalefont setfont}bd
/edef{ exch def } def
/scaleImg{ % width height outputDPI scaleImg
   /outputDPI edef
   /height edef
   /width edef
   /psDPI 72 def
   /sDPI psDPI outputDPI div def % DPI scale
   width sDPI mul % width * (psDPI / outputDPI)
   height sDPI mul
   scale
} def

% LineAttribute methods.linewidth linejoin linecap [dashpattern] dashOffset colorVal(s) <method>
/LAG {setgray setdash setlinecap setlinejoin setlinewidth} bd
/LAR {setrgbcolor setdash setlinecap setlinejoin setlinewidth} bd
/LAC {setcmykcolor setdash setlinecap setlinejoin setlinewidth} bd

% draw line impl
/DL { % VertexList NVerts StartPt DL
  N moveto { lineto } repeat stroke} def
% draw unfilled polyline impl
/DPL { % VertexList NVerts StartPt DPL
  N moveto { lineto } repeat closepath stroke} def
% draw filled polyline impl
/DPLF { % VertexList NVerts StartPt DPLF
  N moveto { lineto } repeat closepath fill } def
/DRL { % VertexList NVerts StartPt DRL
  N moveto { rlineto } repeat stroke} def
% draw unfilled polyline impl
/DRPL { % VertexList NVerts StartPt DRPL
  N moveto { rlineto } repeat closepath stroke} def
% draw filled polyline impl
/DRPLF { % VertexList NVerts StartPt DRPLF
  N moveto { rlineto } repeat closepath fill } def

%%Page: 1 1
%%PageBoundingBox:    0     0   851   362
%%BeginPageSetup
N
0 0 M
850.2 0 L
850.2 361.28 L
0 361.28 L
cp
clip
1.00 GC
0 361.28 850.2 361.28 850.2 0 3 0 0 DPLF
[   0.6 0 0  -0.6 0 361.28] CT
%%EndPageSetup
-167 -22.75 TX
1.00 LW
1584 47 1584 505 228 505 3 228 47 DPLF
0.83 2 0 [] 0 0.87 LAG
283.7 505 1 283.7 47 DL
396.85 505 1 396.85 47 DL
509.99 505 1 509.99 47 DL
623.14 505 1 623.14 47 DL
736.28 505 1 736.28 47 DL
849.43 505 1 849.43 47 DL
962.57 505 1 962.57 47 DL
1075.72 505 1 1075.72 47 DL
1188.86 505 1 1188.86 47 DL
1302.01 505 1 1302.01 47 DL
1415.15 505 1 1415.15 47 DL
1528.3 505 1 1528.3 47 DL
1584 505 1 228 505 DL
1584 447.75 1 228 447.75 DL
1584 390.5 1 228 390.5 DL
1584 333.25 1 228 333.25 DL
1584 276 1 228 276 DL
1584 218.75 1 228 218.75 DL
1584 161.5 1 228 161.5 DL
1584 104.25 1 228 104.25 DL
1584 47 1 228 47 DL
0.13 GC
GS
700 40.75 M
N
710.39 35.97 M
710.39 37.35
709.95 38.46
709.07 39.27
C
708.19 40.09
707.01 40.5
705.52 40.5
C
704.04 40.5
702.87 40.08
702.02 39.23
C
701.16 38.38
700.74 37.32
700.74 36.05
C
700.74 35.03 L
703.5 35.03 L
703.5 35.97 L
703.5 36.66
703.7 37.18
704.1 37.54
C
704.5 37.9
704.97 38.08
705.52 38.08
C
706.27 38.08
706.81 37.89
707.13 37.52
C
707.46 37.14
707.63 36.68
707.63 36.13
C
707.63 35.71
707.41 35.3
706.99 34.89
C
706.56 34.48
705.91 34.1
705.03 33.75
C
703.67 33.23
702.66 32.64
702.02 31.97
C
701.38 31.3
701.06 30.5
701.06 29.56
C
701.06 28.29
701.51 27.26
702.39 26.47
C
703.28 25.68
704.32 25.28
705.52 25.28
C
707.09 25.28
708.23 25.75
708.93 26.7
C
709.63 27.64
709.99 28.8
709.99 30.17
C
707.17 30.17 L
707.25 29.36
707.13 28.76
706.83 28.37
C
706.53 27.98
706.09 27.78
705.52 27.78
C
704.97 27.78
704.56 27.92
704.27 28.2
C
703.97 28.47
703.83 28.85
703.83 29.33
C
703.83 29.71
703.95 30.05
704.2 30.34
C
704.44 30.62
705.16 30.99
706.34 31.45
C
707.61 31.97
708.59 32.61
709.31 33.36
C
710.03 34.11
710.39 34.98
710.39 35.97
C
721.22 40.34 M
718.45 40.34 L
714.14 29.86 L
714.22 29.81 L
714.58 40.34 L
711.83 40.34 L
711.83 25.44 L
714.59 25.44 L
718.91 35.92 L
718.81 35.97 L
718.47 25.44 L
721.22 25.44 L
721.22 40.34 L
732.99 40.34 M
730.05 40.34 L
727.09 34.27 L
725.66 34.27 L
725.66 40.34 L
722.91 40.34 L
722.91 25.44 L
727.44 25.44 L
728.86 25.44
730.02 25.79
730.94 26.49
C
731.86 27.2
732.31 28.33
732.31 29.89
C
732.31 31.1
732.01 32.04
731.39 32.72
C
730.78 33.4
730.25 33.79
729.8 33.89
C
732.99 40.34 L
729.55 29.89 M
729.55 29.26
729.36 28.76
728.99 28.41
C
728.61 28.05
727.96 27.88
727.03 27.88
C
725.66 27.88 L
725.66 31.84 L
727.52 31.84 L
728.08 31.84
728.56 31.7
728.95 31.41
C
729.35 31.13
729.55 30.62
729.55 29.89
C
754.64 31.23 M
744.41 31.23 L
744.41 29.05 L
754.64 29.05 L
754.64 31.23 L
754.64 36.23 M
744.41 36.23 L
744.41 34.05 L
754.64 34.05 L
754.64 36.23 L
776.64 33.78 M
766.41 33.78 L
766.41 31.59 L
776.64 31.59 L
776.64 33.78 L
779.55 35.42 M
779.96 37.01
780.56 37.87
781.34 38.01
C
782.13 38.15
782.76 38.07
783.25 37.77
C
783.74 37.46
784.09 37.06
784.31 36.55
C
784.52 36.05
784.61 35.48
784.59 34.85
C
784.56 34.22
784.4 33.7
784.1 33.28
C
783.81 32.86
783.43 32.59
782.96 32.45
C
782.5 32.3
781.97 32.3
781.38 32.45
C
780.78 32.59
780.25 32.98
779.77 33.64
C
777.59 33.39 L
777.81 32.73
778.41 30.11
779.38 25.52
C
786.66 25.52 L
786.66 27.88 L
781.33 27.88 L
781.1 29.13
780.94 29.88
780.86 30.14
C
781.14 30.02
781.67 29.97
782.45 29.99
C
783.22 30.02
783.97 30.2
784.7 30.53
C
785.42 30.86
785.95 31.32
786.28 31.9
C
786.62 32.48
786.86 33.04
787.01 33.6
C
787.16 34.16
787.22 34.76
787.19 35.41
C
787.16 36.05
787.02 36.72
786.78 37.4
C
786.54 38.08
786.18 38.65
785.7 39.1
C
785.21 39.55
784.63 39.92
783.95 40.19
C
783.26 40.46
782.47 40.56
781.58 40.5
C
780.68 40.44
779.83 40.1
779.01 39.5
C
778.19 38.9
777.61 37.75
777.25 36.06
C
779.55 35.42 L
808.89 40.34 M
806.39 40.34 L
806.55 39.56 L
806.6 39.69
806.38 39.88
805.88 40.13
C
805.38 40.38
804.79 40.5
804.11 40.5
C
802.89 40.5
801.86 40.06
801.01 39.18
C
800.16 38.3
799.74 37.01
799.74 35.31
C
799.74 33.61
800.16 32.31
801.01 31.4
C
801.86 30.49
802.89 30.03
804.11 30.03
C
804.79 30.03
805.38 30.17
805.88 30.45
C
806.38 30.73
806.6 30.94
806.55 31.06
C
806.39 25.44 L
808.89 25.44 L
808.89 40.34 L
806.39 35.31 M
806.39 34.38
806.2 33.65
805.81 33.14
C
805.41 32.63
804.96 32.38
804.44 32.38
C
803.77 32.38
803.27 32.63
802.93 33.13
C
802.59 33.64
802.42 34.36
802.42 35.31
C
802.42 36.26
802.59 36.97
802.93 37.45
C
803.27 37.92
803.77 38.16
804.44 38.16
C
804.96 38.16
805.41 37.92
805.81 37.44
C
806.2 36.96
806.39 36.25
806.39 35.31
C
820.55 35.72 M
820.55 37.46
820.06 38.66
819.09 39.34
C
818.11 40.01
816.9 40.34
815.44 40.34
C
810.91 40.34 L
810.91 25.44 L
815.61 25.44 L
817.1 25.44
818.23 25.84
818.99 26.63
C
819.76 27.43
820.14 28.38
820.14 29.48
C
820.14 30.59
819.88 31.41
819.34 31.94
C
818.81 32.47
818.5 32.68
818.39 32.58
C
818.65 32.49
819.08 32.75
819.66 33.34
C
820.25 33.92
820.55 34.72
820.55 35.72
C
817.39 29.48 M
817.39 28.91
817.23 28.5
816.91 28.25
C
816.6 28
816.19 27.88
815.69 27.88
C
813.66 27.88 L
813.66 31.34 L
815.61 31.34 L
816.11 31.34
816.53 31.2
816.88 30.92
C
817.22 30.64
817.39 30.16
817.39 29.48
C
817.72 35.72 M
817.72 35.01
817.48 34.51
817.01 34.22
C
816.53 33.93
815.99 33.78
815.36 33.78
C
813.66 33.78 L
813.66 37.91 L
815.11 37.91 L
816.01 37.91
816.66 37.75
817.09 37.44
C
817.51 37.13
817.72 36.55
817.72 35.72
C
841.17 24.86 M
841.11 27.13
841.08 29.66
841.08 32.44
C
841.08 35.22
841.11 37.55
841.17 39.44
C
838.56 39.44 L
838.56 37.88 L
836.16 37.88 L
836.16 40.58 L
833.55 40.58 L
833.61 37.78
833.64 35.12
833.64 32.61
C
833.64 30.04
833.61 27.45
833.55 24.86
C
841.17 24.86 L
848 27.33 M
848 25.98
847.96 24.45
847.89 22.73
C
850.61 22.73 L
850.55 24.45
850.52 25.98
850.52 27.33
C
851.04 27.33
851.91 27.29
853.14 27.22
C
853.14 29.7 L
851.91 29.63
851.04 29.59
850.52 29.59
C
850.52 40.16 L
850.52 41.18
850.13 41.82
849.36 42.08
C
848.59 42.34
847.51 42.54
846.11 42.69
C
846.11 41.82
845.56 40.84
844.47 39.75
C
846.29 39.94
847.34 40.01
847.6 39.98
C
847.87 39.94
848 39.72
848 39.33
C
848 29.59 L
845.56 29.59
843.27 29.63
841.11 29.69
C
841.11 27.23 L
843.15 27.3
845.45 27.33
848 27.33
C
838.56 35.61 M
838.56 32.38 L
836.16 32.38 L
836.16 35.61 L
838.56 35.61 L
838.56 30.11 M
838.56 27.13 L
836.16 27.13 L
836.16 30.11 L
838.56 30.11 L
844.25 30.8 M
845.11 32.18
845.94 33.69
846.77 35.33
C
845.91 35.59
845.04 35.96
844.16 36.44
C
843.63 34.83
842.86 33.33
841.86 31.92
C
842.67 31.57
843.47 31.19
844.25 30.8
C
873.25 24.05 M
873.19 25.65
873.16 27.16
873.16 28.58
C
873.16 37.86 L
873.16 39.33
873.19 40.92
873.25 42.64
C
870.72 42.64 L
870.72 41.08 L
865.44 41.08 L
865.44 42.8 L
862.91 42.8 L
862.98 40.86
863.02 39.29
863.02 38.09
C
863.02 28.5 L
863.02 27.08
862.98 25.6
862.91 24.05
C
873.25 24.05 L
857.59 27.33 M
857.59 25.39
857.56 23.89
857.49 22.81
C
860.22 22.81 L
860.15 23.94
860.11 25.44
860.11 27.33
C
861.12 27.33
862.13 27.29
863.14 27.2
C
863.14 29.72 L
862.18 29.64
861.17 29.59
860.11 29.59
C
859.91 31.69 L
859.81 31.6
860.03 31.26
860.56 30.64
C
861.78 31.92
862.84 33.19
863.74 34.44
C
863.18 34.81
862.54 35.37
861.8 36.11
C
861.03 34.78
860.46 33.93
860.11 33.58
C
860.11 38.75 L
860.11 39.68
860.14 41.03
860.2 42.8
C
857.5 42.8 L
857.56 41.03
857.59 39.71
857.59 38.84
C
858.03 33.27 L
857.58 35.42
856.75 37.29
855.53 38.86
C
854.95 37.94
854.36 37.22
853.75 36.7
C
854.34 36.19
854.99 35.26
855.68 33.91
C
856.37 32.57
856.87 31.13
857.17 29.59
C
856.33 29.59
855.38 29.63
854.31 29.7
C
854.31 27.22 L
855.59 27.29
856.69 27.33
857.59 27.33
C
870.72 38.81 M
870.72 35.91 L
865.44 35.91 L
865.44 38.81 L
870.72 38.81 L
870.72 29.05 M
870.72 26.31 L
865.44 26.31 L
865.44 29.05 L
870.72 29.05 L
870.72 33.64 M
870.72 31.23 L
865.44 31.23 L
865.44 33.64 L
870.72 33.64 L
875.72 25.91 M
876.84 25.98
877.95 26.02
879.03 26.02
C
884.22 26.02 L
883.62 29.89
882.93 32.72
882.16 34.52
C
883.43 36.31
884.47 37.84
885.28 39.11
C
884.69 39.54
884.02 40.08
883.27 40.75
C
881.95 38.49
881.16 37.18
880.89 36.83
C
880.43 37.62
879.87 38.41
879.2 39.2
C
878.54 39.98
877.59 40.95
876.36 42.11
C
875.82 41.42
875.11 40.88
874.22 40.48
C
875.53 39.55
876.56 38.65
877.31 37.8
C
878.05 36.96
878.72 35.95
879.33 34.8
C
878.15 33.37
876.9 32.03
875.58 30.78
C
876.15 30.3
876.76 29.74
877.41 29.09
C
879.2 31.07
880.2 32.18
880.42 32.42
C
880.96 30.94
881.32 29.54
881.49 28.2
C
879.03 28.2 L
877.95 28.2
876.84 28.24
875.72 28.31
C
875.72 25.91 L
883.59 27.72 M
885.21 27.78
886.26 27.81
886.74 27.81
C
889.83 27.81 L
889.83 25.8 L
889.83 25.1
889.76 24.19
889.61 23.06
C
892.47 23.06 L
892.39 24.02
892.34 24.98
892.34 25.95
C
892.34 27.81 L
892.59 27.81
893.5 27.78
895.05 27.72
C
895.05 30.11 L
893.5 30.04
892.59 30
892.34 30
C
892.34 39.89 L
892.42 41.14
892.02 41.92
891.16 42.23
C
890.31 42.55
889.27 42.78
888.05 42.92
C
887.84 42.06
887.45 41.15
886.88 40.2
C
888.53 40.2
889.45 40.16
889.63 40.08
C
889.8 39.99
889.87 39.72
889.83 39.27
C
889.83 30 L
886.83 30 L
886.35 30
885.27 30.07
883.59 30.2
C
883.59 27.72 L
885.89 30.72 M
887 32.66
887.94 34.48
888.74 36.2
C
887.78 36.57
886.99 37.01
886.36 37.53
C
885.75 35.68
884.9 33.83
883.81 31.98
C
884.47 31.7
885.16 31.28
885.89 30.72
C
910.41 23.48 M
909.87 24.14
909.53 24.61
909.4 24.89
C
909.27 25.17
909.17 25.29
909.09 25.25
C
913.97 25.11 L
913.36 26.04
912.91 26.81
912.64 27.42
C
912.37 28.04
912.17 28.49
912.03 28.8
C
914.86 28.8 L
914.78 29.87
914.74 30.84
914.74 31.7
C
914.74 32.17 L
914.92 32.17
915.42 32.13
916.22 32.03
C
916.22 34.42 L
915.52 34.32
915.03 34.27
914.74 34.27
C
914.74 34.98 L
914.74 36.07
914.77 37.25
914.84 38.53
C
912.47 38.53 L
912.47 37.63 L
911.05 37.63 L
911.05 40.25 L
910.99 41.11
910.7 41.71
910.2 42.05
C
909.7 42.38
908.57 42.61
906.81 42.75
C
906.81 41.97
906.54 41.07
905.99 40.06
C
907.2 40.16
907.97 40.18
908.3 40.15
C
908.62 40.11
908.78 39.97
908.78 39.73
C
908.78 37.63 L
908.06 37.63 L
907.43 37.63
906.6 37.67
905.58 37.75
C
905.58 35.48 L
906.54 35.57
907.37 35.61
908.06 35.61
C
908.78 35.61 L
908.78 34.27 L
907.99 34.27 L
907.29 34.27
906.32 34.3
905.09 34.38
C
905.09 32.14 L
906.16 32.21
907.15 32.25
908.06 32.25
C
908.78 32.25 L
908.78 30.83 L
908.06 30.83 L
907.75 30.83
907.03 30.86
905.91 30.94
C
906.2 29.75 L
906.35 29.88
906.16 30.26
905.64 30.89
C
905.17 30.14
904.65 29.52
904.06 29.02
C
905.13 27.96
905.88 26.89
906.33 25.8
C
906.78 24.72
907.19 23.6
907.56 22.47
C
908.39 22.88
909.33 23.21
910.41 23.48
C
904.92 32.25 M
904.85 33.31
904.81 34.25
904.81 35.06
C
904.81 40.06 L
904.81 41.06
904.55 41.7
904.01 41.97
C
903.47 42.24
902.59 42.49
901.38 42.72
C
901.29 41.98
900.97 41.14
900.41 40.2
C
901.81 40.2
902.5 40.12
902.47 39.95
C
902.47 39.36 L
899.08 39.36 L
899.08 42.47 L
896.69 42.47 L
896.77 41.56
896.81 40.71
896.81 39.91
C
896.81 35.06 L
896.81 34.25
896.77 33.31
896.69 32.25
C
904.92 32.25 L
899.59 24.95 M
899.59 24.76
899.56 24.1
899.49 22.98
C
902.06 22.98 L
901.98 24.1
901.94 24.76
901.94 24.95
C
902.58 24.95 L
903.33 24.95
904.38 24.92
905.72 24.84
C
905.72 27.08 L
904.38 27.01
903.33 26.97
902.58 26.97
C
901.94 26.97 L
901.94 27.41 L
902.58 27.41 L
902.89 27.41
903.64 27.37
904.81 27.3
C
904.81 29.53 L
903.58 29.46
902.81 29.42
902.49 29.42
C
901.94 29.42 L
901.94 29.88 L
902.81 29.88 L
903.57 29.88
904.52 29.83
905.64 29.75
C
905.64 32 L
904.46 31.93
903.52 31.89
902.81 31.89
C
898.72 31.89 L
897.86 31.89
896.89 31.93
895.83 32
C
895.83 29.75 L
896.89 29.83
897.86 29.88
898.72 29.88
C
899.59 29.88 L
899.59 29.42 L
898.64 29.42 L
898.32 29.42
897.71 29.46
896.81 29.55
C
896.81 27.28 L
897.71 27.36
898.32 27.41
898.64 27.41
C
899.59 27.41 L
899.59 26.97 L
898.64 26.97 L
897.93 26.97
897.05 27.01
895.99 27.08
C
895.99 24.83 L
897.05 24.91
897.93 24.95
898.64 24.95
C
899.59 24.95 L
907.33 28.7 M
907.45 28.71
908 28.72
908.97 28.72
C
909.52 28.72 L
909.97 27.75
910.22 27.22
910.25 27.13
C
908.31 27.13 L
907.68 28.16
907.35 28.68
907.33 28.7
C
902.47 37.33 M
902.47 36.73 L
899.08 36.73 L
899.08 37.33 L
902.47 37.33 L
902.47 34.7 M
902.47 34.27 L
899.08 34.27 L
899.08 34.7 L
902.47 34.7 L
912.47 32.25 M
912.47 30.83 L
911.05 30.83 L
911.05 32.25 L
912.47 32.25 L
912.47 35.61 M
912.47 34.27 L
911.05 34.27 L
911.05 35.61 L
912.47 35.61 L
924.55 25.69 M
924.76 24.9
924.9 23.83
924.97 22.48
C
926.07 22.87
927.13 23.11
928.14 23.2
C
927.67 24.05
927.34 24.88
927.16 25.69
C
932.92 25.69 L
933.67 25.69
934.69 25.61
935.99 25.47
C
935.99 28.14 L
934.65 28.07
933.61 28.03
932.84 28.03
C
930.14 28.03 L
930.49 28.82
931.02 29.54
931.75 30.2
C
932.48 30.85
933.18 31.33
933.85 31.63
C
934.52 31.94
935.77 32.27
937.58 32.63
C
936.41 33.41
935.65 34.22
935.3 35.06
C
933.29 34.22
931.86 33.44
931.01 32.73
C
930.16 32.03
929.45 31.27
928.88 30.48
C
928.3 29.68
927.88 28.86
927.61 28.03
C
926.49 28.03 L
925.88 29.39
925.03 30.64
923.93 31.8
C
922.83 32.95
921.04 34.23
918.56 35.63
C
918.32 34.9
917.61 34.15
916.42 33.38
C
918.27 32.76
919.83 31.95
921.13 30.95
C
922.42 29.95
923.28 28.98
923.72 28.03
C
920.7 28.03 L
919.84 28.03
918.77 28.07
917.49 28.14
C
917.49 25.47 L
918.71 25.61
919.79 25.69
920.7 25.69
C
924.55 25.69 L
925.19 35.45 M
925.12 36.79
925.08 37.78
925.08 38.42
C
925.08 39.02
925.09 39.41
925.1 39.59
C
925.12 39.78
925.29 39.88
925.63 39.88
C
929.02 39.88 L
929.37 39.92
929.66 39.87
929.89 39.74
C
930.12 39.61
930.34 38.86
930.55 37.5
C
931.43 38.13
932.37 38.55
933.34 38.77
C
932.77 40.29
932.29 41.26
931.89 41.68
C
931.5 42.1
930.71 42.29
929.55 42.23
C
924.61 42.23 L
923.39 42.09
922.73 41.7
922.63 41.05
C
922.53 40.41
922.49 39.7
922.49 38.92
C
922.49 38.11
922.45 36.95
922.38 35.45
C
925.19 35.45 L
921.67 36.17 M
921.03 38.06
920.24 40.02
919.31 42.06
C
918.65 41.55
917.81 41.21
916.8 41.05
C
917.97 39.09
918.69 37.13
918.95 35.17
C
919.94 35.59
920.85 35.92
921.67 36.17
C
933.47 34.64 M
934.59 36.17
935.74 37.71
936.91 39.27
C
936.13 39.81
935.39 40.39
934.69 41
C
933.71 39.18
932.58 37.52
931.3 36.03
C
932.16 35.69
932.89 35.22
933.47 34.64
C
925.27 29.72 M
926.53 30.72
927.64 31.73
928.59 32.77
C
927.84 33.27
927.17 33.85
926.58 34.53
C
925.79 33.46
924.76 32.45
923.49 31.5
C
925.27 29.72 L
927.63 33.94 M
928.36 35.09
929 36.26
929.55 37.44
C
928.88 37.85
928.12 38.28
927.27 38.7
C
926.79 37.34
926.17 36.13
925.42 35.08
C
926.25 34.81
926.98 34.43
927.63 33.94
C
944.8 32.14 M
945.58 31.64
946.18 31.02
946.59 30.27
C
947 29.52
947.32 28.83
947.56 28.2
C
947.17 28.2
946.33 28.24
945.05 28.31
C
945.05 25.83 L
946.38 25.9
947.52 25.94
948.45 25.94
C
948.7 25.23
948.93 24.16
949.13 22.72
C
950.16 22.96
951.2 23.24
952.27 23.56
C
951.45 25.06
951.03 25.85
951 25.94
C
954.17 25.94 L
955.15 25.94
956.2 25.9
957.31 25.81
C
957.31 28.31 L
956.25 28.24
955.23 28.2
954.25 28.2
C
950.11 28.2 L
949.8 28.91
949.2 30.13
948.33 31.84
C
950.3 31.84 L
950.3 31.3 L
950.3 30.76
950.26 30.01
950.17 29.05
C
952.92 29.05 L
952.84 29.95
952.8 30.62
952.8 31.05
C
952.8 31.84 L
953.67 31.84 L
954.6 31.84
955.65 31.8
956.83 31.72
C
956.83 34.14 L
955.7 34.06
954.68 34.02
953.77 34.02
C
952.8 34.02 L
952.8 36.34 L
954.58 36.34 L
955.56 36.34
956.61 36.31
957.72 36.23
C
957.72 38.73 L
956.61 38.65
955.58 38.61
954.66 38.61
C
952.8 38.61 L
952.8 39.91 L
952.8 40.66
952.84 41.59
952.92 42.72
C
950.17 42.72 L
950.26 41.59
950.3 40.74
950.3 40.16
C
950.3 38.61 L
947.94 38.61 L
947.02 38.61
945.95 38.65
944.72 38.72
C
944.72 36.23 L
945.95 36.31
947.02 36.34
947.94 36.34
C
950.3 36.34 L
950.3 34.11 L
949.56 34.11
948.84 34.14
948.15 34.19
C
947.46 34.24
946.69 34.38
945.86 34.61
C
945.45 33.45
945.1 32.63
944.8 32.14
C
945.7 24.05 M
944.57 26.94
943.8 29.11
943.41 30.55
C
944.28 31.72
944.87 32.69
945.16 33.45
C
945.45 34.21
945.56 34.94
945.5 35.64
C
945.44 36.34
945.08 36.93
944.44 37.43
C
943.79 37.92
942.92 38.33
941.83 38.64
C
941.53 37.73
941.15 36.78
940.69 35.78
C
941.98 35.78
942.7 35.67
942.84 35.46
C
942.98 35.25
943 34.89
942.91 34.39
C
942.81 33.89
942.64 33.39
942.38 32.88
C
942.13 32.36
941.66 31.73
940.97 30.98
C
941.77 28.44
942.22 26.86
942.33 26.23
C
941.16 26.23 L
941.16 42.47 L
938.63 42.47 L
938.69 40.7
938.72 39.08
938.72 37.61
C
938.72 28.02 L
938.72 26.77
938.69 25.44
938.63 24.05
C
945.7 24.05 L
968.11 24.13 M
969.36 24.13
970.46 24.08
971.42 24
C
971.42 26.34 L
970.46 26.27
969.2 26.23
967.63 26.23
C
965.78 26.23 L
965.71 26.65
965.55 27.37
965.31 28.39
C
970.17 28.39 L
969.85 30.93
969.46 32.92
969.02 34.34
C
968.57 35.77
967.98 37.01
967.24 38.06
C
966.51 39.11
965.69 39.99
964.8 40.69
C
963.9 41.39
962.75 42.2
961.34 43.14
C
960.77 42.27
960.05 41.44
959.19 40.67
C
961 39.9
962.35 39.19
963.24 38.53
C
964.13 37.88
964.8 37.16
965.25 36.39
C
965.12 36.28
964.79 36
964.27 35.56
C
963.76 35.13
963.13 34.63
962.39 34.06
C
964.11 32.09 L
964.72 32.53
965.23 32.93
965.62 33.3
C
966.01 33.66
966.3 33.94
966.49 34.13
C
966.64 33.73
966.81 33.2
967 32.53
C
967.19 31.86
967.31 31.21
967.38 30.58
C
964.56 30.58 L
964.24 31.4
963.8 32.28
963.24 33.21
C
962.67 34.14
961.92 35.04
960.99 35.89
C
960.42 35.41
959.7 34.89
958.81 34.31
C
959.65 33.48
960.3 32.7
960.78 31.98
C
961.26 31.27
961.66 30.56
961.98 29.88
C
962.3 29.19
962.53 28.5
962.69 27.81
C
962.84 27.13
962.95 26.6
963.02 26.23
C
962.05 26.23 L
960.91 26.23
959.97 26.28
959.24 26.38
C
959.24 23.98 L
959.97 24.08
960.94 24.13
962.13 24.13
C
968.11 24.13 L
978.55 23.31 M
978.39 24.44
978.31 25.46
978.31 26.38
C
978.31 40.16 L
978.31 41.02
978.06 41.62
977.56 41.95
C
977.06 42.29
975.93 42.59
974.17 42.86
C
973.96 41.82
973.53 40.78
972.88 39.75
C
974.5 39.83
975.39 39.86
975.56 39.83
C
975.72 39.8
975.8 39.6
975.8 39.25
C
975.8 26.38 L
975.8 25.5
975.76 24.48
975.69 23.31
C
978.55 23.31 L
974.45 25.77 M
974.3 26.73
974.22 27.81
974.22 29
C
974.22 34.91 L
974.22 35.88
974.26 36.89
974.33 37.95
C
971.39 37.95 L
971.55 36.88
971.63 35.86
971.63 34.91
C
971.63 28.67 L
971.63 27.76
971.54 26.79
971.38 25.77
C
974.45 25.77 L
987 23.69 M
986.55 24.49
986.14 25.57
985.75 26.92
C
989.33 26.92 L
989.26 28.15
989.22 29.47
989.22 30.88
C
989.22 38.09 L
989.22 38.92
989.26 40.24
989.33 42.06
C
986.8 42.06 L
986.8 40.42 L
983.49 40.42 L
983.49 42.23 L
980.95 42.23 L
981.02 40.18
981.05 38.94
981.05 38.52
C
981.05 30.97 L
981.05 29.5
981.01 28.15
980.94 26.92
C
983.44 26.92 L
983.66 25.9
983.87 24.53
984.08 22.81
C
985.17 23.21
986.15 23.5
987 23.69
C
998.99 30.23 M
998.93 33.58
998.8 36.76
998.58 39.78
C
998.44 40.95
997.86 41.71
996.83 42.08
C
995.8 42.44
994.54 42.7
993.06 42.84
C
992.99 42.02
992.59 41.07
991.88 40
C
993.52 40.08
994.61 40.08
995.14 39.98
C
995.67 39.89
996 39.7
996.13 39.41
C
996.25 39.13
996.36 38.07
996.44 36.23
C
996.52 34.4
996.58 31.97
996.63 28.94
C
992.61 28.94 L
992.24 29.81
991.54 31.14
990.52 32.91
C
989.91 32.29
989.19 31.82
988.34 31.48
C
989.04 30.55
989.61 29.63
990.03 28.72
C
990.46 27.81
990.83 26.83
991.16 25.76
C
991.48 24.69
991.68 23.67
991.77 22.69
C
992.89 23.17
993.9 23.54
994.8 23.81
C
994.34 24.55
994.02 25.18
993.83 25.69
C
993.64 26.2
993.53 26.5
993.49 26.59
C
999.09 26.59 L
999.02 28.03
998.99 29.24
998.99 30.23
C
986.8 38.16 M
986.8 34.67 L
983.49 34.67 L
983.49 38.16 L
986.8 38.16 L
986.8 32.41 M
986.8 29.19 L
983.49 29.19 L
983.49 32.41 L
986.8 32.41 L
994.09 33.39 M
994.43 34.06
994.88 35.05
995.44 36.36
C
994.8 36.63
994.02 37.04
993.08 37.59
C
992.58 36.24
992.17 35.2
991.84 34.48
C
991.52 33.75
991.12 33.03
990.63 32.3
C
991.28 31.92
992.05 31.49
992.92 31.02
C
994.09 33.39 L
1010.99 40.34 M
1008.05 40.34 L
1005.09 34.27 L
1003.66 34.27 L
1003.66 40.34 L
1000.91 40.34 L
1000.91 25.44 L
1005.44 25.44 L
1006.86 25.44
1008.02 25.79
1008.94 26.49
C
1009.86 27.2
1010.31 28.33
1010.31 29.89
C
1010.31 31.1
1010.01 32.04
1009.39 32.72
C
1008.78 33.4
1008.25 33.79
1007.8 33.89
C
1010.99 40.34 L
1007.55 29.89 M
1007.55 29.26
1007.36 28.76
1006.99 28.41
C
1006.61 28.05
1005.96 27.88
1005.03 27.88
C
1003.66 27.88 L
1003.66 31.84 L
1005.52 31.84 L
1006.08 31.84
1006.56 31.7
1006.95 31.41
C
1007.35 31.13
1007.55 30.62
1007.55 29.89
C
1021.47 40.34 M
1018.95 40.34 L
1019.24 30.06 L
1019.39 30.09 L
1017.63 40.34 L
1015.59 40.34 L
1013.81 30.09 L
1013.99 30.06 L
1014.25 40.34 L
1011.74 40.34 L
1011.74 25.44 L
1015.08 25.44 L
1016.69 34.95 L
1016.52 34.95 L
1018.13 25.44 L
1021.47 25.44 L
1021.47 40.34 L
1032.39 35.97 M
1032.39 37.35
1031.95 38.46
1031.07 39.27
C
1030.19 40.09
1029.01 40.5
1027.52 40.5
C
1026.04 40.5
1024.87 40.08
1024.02 39.23
C
1023.16 38.38
1022.74 37.32
1022.74 36.05
C
1022.74 35.03 L
1025.5 35.03 L
1025.5 35.97 L
1025.5 36.66
1025.7 37.18
1026.1 37.54
C
1026.5 37.9
1026.97 38.08
1027.52 38.08
C
1028.27 38.08
1028.81 37.89
1029.13 37.52
C
1029.46 37.14
1029.63 36.68
1029.63 36.13
C
1029.63 35.71
1029.41 35.3
1028.99 34.89
C
1028.56 34.48
1027.91 34.1
1027.03 33.75
C
1025.67 33.23
1024.66 32.64
1024.02 31.97
C
1023.38 31.3
1023.06 30.5
1023.06 29.56
C
1023.06 28.29
1023.51 27.26
1024.39 26.47
C
1025.28 25.68
1026.32 25.28
1027.52 25.28
C
1029.09 25.28
1030.23 25.75
1030.93 26.7
C
1031.63 27.64
1031.99 28.8
1031.99 30.17
C
1029.17 30.17 L
1029.25 29.36
1029.13 28.76
1028.83 28.37
C
1028.53 27.98
1028.09 27.78
1027.52 27.78
C
1026.97 27.78
1026.56 27.92
1026.27 28.2
C
1025.97 28.47
1025.83 28.85
1025.83 29.33
C
1025.83 29.71
1025.95 30.05
1026.2 30.34
C
1026.44 30.62
1027.16 30.99
1028.34 31.45
C
1029.6 31.97
1030.59 32.61
1031.31 33.36
C
1032.03 34.11
1032.39 34.98
1032.39 35.97
C
1043.39 40.34 M
1034.16 40.34 L
1034.16 25.44 L
1042.99 25.44 L
1042.99 27.88 L
1036.91 27.88 L
1036.91 31.34 L
1042.49 31.34 L
1042.49 33.78 L
1036.91 33.78 L
1036.91 37.91 L
1043.39 37.91 L
1043.39 40.34 L
1060.06 37.33 M
1060.46 37.85
1061.17 38.45
1062.2 39.14
C
1063.24 39.83
1064.38 40.4
1065.64 40.84
C
1064.85 41.41
1064.14 42.17
1063.52 43.13
C
1062.56 42.53
1061.68 41.93
1060.87 41.31
C
1060.06 40.7
1059.26 39.99
1058.45 39.2
C
1057.7 39.9
1056.81 40.56
1055.78 41.17
C
1054.75 41.79
1053.46 42.43
1051.92 43.11
C
1051.61 42.4
1051.01 41.65
1050.13 40.84
C
1051.75 40.39
1053.16 39.84
1054.35 39.2
C
1055.55 38.55
1056.46 37.88
1057.09 37.16
C
1056.77 36.68
1056.36 35.97
1055.87 35.03
C
1055.37 34.09
1055.02 33.4
1054.8 32.94
C
1054.55 33.3 L
1053.77 32.74
1053.08 32.27
1052.49 31.88
C
1053.22 31
1053.95 29.85
1054.67 28.43
C
1055.39 27.01
1056.04 25.15
1056.61 22.86
C
1057.55 23.33
1058.49 23.61
1059.44 23.7
C
1058.89 24.62
1058.47 25.42
1058.2 26.09
C
1057.93 26.77
1057.75 27.23
1057.64 27.48
C
1061.09 27.48 L
1062.23 27.48
1063.33 27.45
1064.39 27.38
C
1064.39 29.8 L
1063.55 29.71
1062.82 29.67
1062.22 29.67
C
1061.92 32.81
1061.2 35.36
1060.06 37.33
C
1053.42 25.11 M
1053.36 26.66
1053.33 28.07
1053.33 29.33
C
1053.33 30.58
1053.36 31.9
1053.42 33.28
C
1048.56 33.28 L
1048.56 38.52 L
1050.14 37.66
1051.6 36.71
1052.95 35.66
C
1053.13 36.75
1053.39 37.59
1053.74 38.17
C
1052.44 38.92
1051.31 39.6
1050.33 40.2
C
1049.35 40.79
1048.22 41.53
1046.94 42.41
C
1046.47 41.69
1045.92 41.01
1045.28 40.38
C
1045.9 39.83
1046.18 39.27
1046.14 38.69
C
1046.14 34.16 L
1046.14 33.41
1046.1 32.39
1046.03 31.09
C
1050.97 31.09 L
1050.97 27.3 L
1048.7 27.3 L
1047.78 27.3
1046.67 27.33
1045.39 27.41
C
1045.39 25 L
1046.67 25.07
1047.78 25.11
1048.7 25.11
C
1053.42 25.11 L
1055.59 31.36 M
1055.52 31.27
1055.78 31.02
1056.38 30.63
C
1056.89 31.88
1057.36 32.92
1057.79 33.75
C
1058.22 34.58
1058.49 35.07
1058.58 35.22
C
1059.2 34.05
1059.61 32.2
1059.8 29.67
C
1056.75 29.67 L
1056.34 30.41
1055.96 30.97
1055.59 31.36
C
1081.39 23.72 M
1080.61 24.31
1080.09 24.86
1079.84 25.36
C
1081.02 25.36 L
1082.05 25.36
1083.24 25.32
1084.58 25.25
C
1084.58 27.48 L
1083.24 27.41
1082.05 27.38
1081.02 27.38
C
1077.03 27.38 L
1077.03 28.06 L
1079.8 28.06 L
1080.66 28.06
1081.76 28.03
1083.09 27.95
C
1083.09 30.19 L
1081.76 30.11
1080.66 30.08
1079.8 30.08
C
1077.03 30.08 L
1077.03 30.77 L
1081.02 30.77 L
1081.94 30.77
1083.05 30.73
1084.33 30.66
C
1084.33 32.91 L
1083.05 32.83
1081.94 32.8
1081.02 32.8
C
1080.77 32.59 L
1080.83 32.46
1081.32 32.63
1082.24 33.09
C
1081.41 33.76
1081.01 34.05
1081.03 33.97
C
1082.5 33.97 L
1083.37 33.97
1084.41 33.93
1085.64 33.86
C
1085.64 36.22 L
1084.46 36.06
1083.42 35.98
1082.5 35.98
C
1069.3 35.98 L
1068.33 35.98
1067.25 36.06
1066.06 36.22
C
1066.06 33.86 L
1067.29 33.93
1068.37 33.97
1069.3 33.97
C
1070.28 34.06 L
1070.22 34.09
1069.98 33.8
1069.56 33.19
C
1070.34 32.75
1071.04 32.41
1071.64 32.16
C
1072.24 32.9
1072.66 33.5
1072.92 33.97
C
1074.59 33.97 L
1074.59 32.8 L
1070.94 32.8 L
1069.64 32.8
1068.45 32.83
1067.38 32.91
C
1067.38 30.66 L
1068.45 30.73
1069.6 30.77
1070.84 30.77
C
1074.59 30.77 L
1074.59 30.08 L
1071.67 30.08 L
1070.7 30.08
1069.71 30.12
1068.69 30.2
C
1068.69 27.94 L
1069.65 28.02
1070.64 28.06
1071.67 28.06
C
1074.59 28.06 L
1074.59 27.38 L
1070.52 27.38 L
1069.49 27.38
1068.3 27.41
1066.97 27.48
C
1066.97 25.25 L
1068.3 25.32
1069.49 25.36
1070.52 25.36
C
1071.7 25.36 L
1071.56 25.06
1071.13 24.55
1070.42 23.84
C
1071.09 23.36
1071.75 22.93
1072.39 22.53
C
1073.22 23.36
1073.97 24.23
1074.63 25.14
C
1073.91 25.49
1073.52 25.62
1073.47 25.52
C
1077.31 25.36 L
1077.87 24.26
1078.18 23.26
1078.27 22.36
C
1081.39 23.72 L
1083.09 42.72 M
1080.59 42.72 L
1080.59 41.73 L
1071.2 41.73 L
1071.2 42.72 L
1068.69 42.72 L
1068.69 36.59 L
1083.09 36.59 L
1083.09 42.72 L
1080.59 39.63 M
1080.59 38.61 L
1071.2 38.61 L
1071.2 39.63 L
1080.59 39.63 L
1078.63 33.97 M
1078.85 33.51
1079.01 33.12
1079.08 32.8
C
1077.03 32.8 L
1077.03 33.97 L
1078.63 33.97 L
cp
f
GR
1584 505 1 228 505 DL
0.85 0.33 0.10 RC
255.85 463.7 255.85 505 241.93 505 3 241.93 463.7 DPLF
369 478.1 369 505 355.07 505 3 355.07 478.1 DPLF
482.14 501.01 482.14 505 468.22 505 3 468.22 501.01 DPLF
595.29 460.88 595.29 505 581.36 505 3 581.36 460.88 DPLF
708.43 489.33 708.43 505 694.51 505 3 694.51 489.33 DPLF
821.58 499.34 821.58 505 807.65 505 3 807.65 499.34 DPLF
934.72 485.84 934.72 505 920.8 505 3 920.8 485.84 DPLF
1047.87 500.82 1047.87 505 1033.94 505 3 1033.94 500.82 DPLF
1161.01 501 1161.01 505 1147.09 505 3 1147.09 501 DPLF
1274.16 433.29 1274.16 505 1260.23 505 3 1260.23 433.29 DPLF
1387.3 452.5 1387.3 505 1373.38 505 3 1373.38 452.5 DPLF
1500.45 478.59 1500.45 505 1486.52 505 3 1486.52 478.59 DPLF
0.83 0 0 [] 0 0.13 LAG
255.85 505 255.85 463.7 241.93 463.7 3 241.93 505 DPL
369 505 369 478.1 355.07 478.1 3 355.07 505 DPL
482.14 505 482.14 501.01 468.22 501.01 3 468.22 505 DPL
595.29 505 595.29 460.88 581.36 460.88 3 581.36 505 DPL
708.43 505 708.43 489.33 694.51 489.33 3 694.51 505 DPL
821.58 505 821.58 499.34 807.65 499.34 3 807.65 505 DPL
934.72 505 934.72 485.84 920.8 485.84 3 920.8 505 DPL
1047.87 505 1047.87 500.82 1033.94 500.82 3 1033.94 505 DPL
1161.01 505 1161.01 501 1147.09 501 3 1147.09 505 DPL
1274.16 505 1274.16 433.29 1260.23 433.29 3 1260.23 505 DPL
1387.3 505 1387.3 452.5 1373.38 452.5 3 1373.38 505 DPL
1500.45 505 1500.45 478.59 1486.52 478.59 3 1486.52 505 DPL
0.00 0.45 0.74 RC
273.26 400.07 273.26 505 259.33 505 3 259.33 400.07 DPLF
386.4 452.74 386.4 505 372.48 505 3 372.48 452.74 DPLF
499.55 459.74 499.55 505 485.62 505 3 485.62 459.74 DPLF
612.69 385.13 612.69 505 598.77 505 3 598.77 385.13 DPLF
725.84 446.85 725.84 505 711.91 505 3 711.91 446.85 DPLF
838.98 450.39 838.98 505 825.06 505 3 825.06 450.39 DPLF
952.13 445.55 952.13 505 938.2 505 3 938.2 445.55 DPLF
1065.27 465.23 1065.27 505 1051.35 505 3 1051.35 465.23 DPLF
1178.42 479.84 1178.42 505 1164.49 505 3 1164.49 479.84 DPLF
1291.56 386.86 1291.56 505 1277.64 505 3 1277.64 386.86 DPLF
1404.71 438.22 1404.71 505 1390.78 505 3 1390.78 438.22 DPLF
1517.85 466.73 1517.85 505 1503.93 505 3 1503.93 466.73 DPLF
0.83 0 0 [] 0 0.13 LAG
273.26 505 273.26 400.07 259.33 400.07 3 259.33 505 DPL
386.4 505 386.4 452.74 372.48 452.74 3 372.48 505 DPL
499.55 505 499.55 459.74 485.62 459.74 3 485.62 505 DPL
612.69 505 612.69 385.13 598.77 385.13 3 598.77 505 DPL
725.84 505 725.84 446.85 711.91 446.85 3 711.91 505 DPL
838.98 505 838.98 450.39 825.06 450.39 3 825.06 505 DPL
952.13 505 952.13 445.55 938.2 445.55 3 938.2 505 DPL
1065.27 505 1065.27 465.23 1051.35 465.23 3 1051.35 505 DPL
1178.42 505 1178.42 479.84 1164.49 479.84 3 1164.49 505 DPL
1291.56 505 1291.56 386.86 1277.64 386.86 3 1277.64 505 DPL
1404.71 505 1404.71 438.22 1390.78 438.22 3 1390.78 505 DPL
1517.85 505 1517.85 466.73 1503.93 466.73 3 1503.93 505 DPL
0.47 0.67 0.19 RC
290.66 467.85 290.66 505 276.74 505 3 276.74 467.85 DPLF
403.81 484.69 403.81 505 389.88 505 3 389.88 484.69 DPLF
516.96 494.69 516.96 505 503.03 505 3 503.03 494.69 DPLF
630.1 455.74 630.1 505 616.17 505 3 616.17 455.74 DPLF
743.25 473.42 743.25 505 729.32 505 3 729.32 473.42 DPLF
856.39 487.11 856.39 505 842.46 505 3 842.46 487.11 DPLF
969.54 481.35 969.54 505 955.61 505 3 955.61 481.35 DPLF
1082.68 496.45 1082.68 505 1068.75 505 3 1068.75 496.45 DPLF
1195.83 496.71 1195.83 505 1181.9 505 3 1181.9 496.71 DPLF
1308.97 465.85 1308.97 505 1295.04 505 3 1295.04 465.85 DPLF
1422.12 463.21 1422.12 505 1408.19 505 3 1408.19 463.21 DPLF
1535.26 463.39 1535.26 505 1521.33 505 3 1521.33 463.39 DPLF
0.83 0 0 [] 0 0.13 LAG
290.66 505 290.66 467.85 276.74 467.85 3 276.74 505 DPL
403.81 505 403.81 484.69 389.88 484.69 3 389.88 505 DPL
516.96 505 516.96 494.69 503.03 494.69 3 503.03 505 DPL
630.1 505 630.1 455.74 616.17 455.74 3 616.17 505 DPL
743.25 505 743.25 473.42 729.32 473.42 3 729.32 505 DPL
856.39 505 856.39 487.11 842.46 487.11 3 842.46 505 DPL
969.54 505 969.54 481.35 955.61 481.35 3 955.61 505 DPL
1082.68 505 1082.68 496.45 1068.75 496.45 3 1068.75 505 DPL
1195.83 505 1195.83 496.71 1181.9 496.71 3 1181.9 505 DPL
1308.97 505 1308.97 465.85 1295.04 465.85 3 1295.04 505 DPL
1422.12 505 1422.12 463.21 1408.19 463.21 3 1408.19 505 DPL
1535.26 505 1535.26 463.39 1521.33 463.39 3 1521.33 505 DPL
0.49 0.18 0.56 RC
308.07 275.96 308.07 505 294.15 505 3 294.15 275.96 DPLF
421.22 348.18 421.22 505 407.29 505 3 407.29 348.18 DPLF
534.36 381.63 534.36 505 520.44 505 3 520.44 381.63 DPLF
647.51 66.05 647.51 505 633.58 505 3 633.58 66.05 DPLF
760.65 258.25 760.65 505 746.73 505 3 746.73 258.25 DPLF
873.8 308.51 873.8 505 859.87 505 3 859.87 308.51 DPLF
986.94 236.46 986.94 505 973.02 505 3 973.02 236.46 DPLF
1100.09 398.37 1100.09 505 1086.16 505 3 1086.16 398.37 DPLF
1213.23 335.56 1213.23 505 1199.31 505 3 1199.31 335.56 DPLF
1326.38 249.46 1326.38 505 1312.45 505 3 1312.45 249.46 DPLF
1439.52 318.68 1439.52 505 1425.6 505 3 1425.6 318.68 DPLF
1552.67 370.48 1552.67 505 1538.74 505 3 1538.74 370.48 DPLF
0.83 0 0 [] 0 0.13 LAG
308.07 505 308.07 275.96 294.15 275.96 3 294.15 505 DPL
421.22 505 421.22 348.18 407.29 348.18 3 407.29 505 DPL
534.36 505 534.36 381.63 520.44 381.63 3 520.44 505 DPL
647.51 505 647.51 66.05 633.58 66.05 3 633.58 505 DPL
760.65 505 760.65 258.25 746.73 258.25 3 746.73 505 DPL
873.8 505 873.8 308.51 859.87 308.51 3 859.87 505 DPL
986.94 505 986.94 236.46 973.02 236.46 3 973.02 505 DPL
1100.09 505 1100.09 398.37 1086.16 398.37 3 1086.16 505 DPL
1213.23 505 1213.23 335.56 1199.31 335.56 3 1199.31 505 DPL
1326.38 505 1326.38 249.46 1312.45 249.46 3 1312.45 505 DPL
1439.52 505 1439.52 318.68 1425.6 318.68 3 1425.6 505 DPL
1552.67 505 1552.67 370.48 1538.74 370.48 3 1538.74 505 DPL
0.93 0.69 0.13 RC
325.48 474.34 325.48 505 311.55 505 3 311.55 474.34 DPLF
438.62 485.63 438.62 505 424.7 505 3 424.7 485.63 DPLF
551.77 493.57 551.77 505 537.84 505 3 537.84 493.57 DPLF
664.91 439.37 664.91 505 650.99 505 3 650.99 439.37 DPLF
778.06 471.07 778.06 505 764.13 505 3 764.13 471.07 DPLF
891.2 478.93 891.2 505 877.28 505 3 877.28 478.93 DPLF
1004.35 461.38 1004.35 505 990.42 505 3 990.42 461.38 DPLF
1117.49 490.35 1117.49 505 1103.57 505 3 1103.57 490.35 DPLF
1230.64 494.69 1230.64 505 1216.71 505 3 1216.71 494.69 DPLF
1343.78 467.72 1343.78 505 1329.86 505 3 1329.86 467.72 DPLF
1456.93 482.58 1456.93 505 1443 505 3 1443 482.58 DPLF
1570.07 490.75 1570.07 505 1556.15 505 3 1556.15 490.75 DPLF
0.83 0 0 [] 0 0.13 LAG
325.48 505 325.48 474.34 311.55 474.34 3 311.55 505 DPL
438.62 505 438.62 485.63 424.7 485.63 3 424.7 505 DPL
551.77 505 551.77 493.57 537.84 493.57 3 537.84 505 DPL
664.91 505 664.91 439.37 650.99 439.37 3 650.99 505 DPL
778.06 505 778.06 471.07 764.13 471.07 3 764.13 505 DPL
891.2 505 891.2 478.93 877.28 478.93 3 877.28 505 DPL
1004.35 505 1004.35 461.38 990.42 461.38 3 990.42 505 DPL
1117.49 505 1117.49 490.35 1103.57 490.35 3 1103.57 505 DPL
1230.64 505 1230.64 494.69 1216.71 494.69 3 1216.71 505 DPL
1343.78 505 1343.78 467.72 1329.86 467.72 3 1329.86 505 DPL
1456.93 505 1456.93 482.58 1443 482.58 3 1443 505 DPL
1570.07 505 1570.07 490.75 1556.15 490.75 3 1556.15 505 DPL
GS
864 622.88 M
N
871.42 614.68 M
872.17 614.21
872.74 613.62
873.13 612.9
C
873.52 612.18
873.83 611.52
874.05 610.93
C
873.67 610.93
872.88 610.96
871.66 611.02
C
871.66 608.66 L
872.93 608.74
874.01 608.77
874.91 608.77
C
875.15 608.1
875.36 607.08
875.55 605.71
C
876.54 605.94
877.54 606.21
878.55 606.51
C
877.77 607.94
877.37 608.69
877.34 608.77
C
880.36 608.77 L
881.29 608.77
882.28 608.74
883.34 608.66
C
883.34 611.04 L
882.33 610.97
881.37 610.93
880.44 610.93
C
876.49 610.93 L
876.19 611.61
875.63 612.76
874.78 614.4
C
876.66 614.4 L
876.66 613.87 L
876.66 613.36
876.62 612.65
876.55 611.74
C
879.17 611.74 L
879.09 612.61
879.05 613.24
879.05 613.63
C
879.05 614.4 L
879.89 614.4 L
880.77 614.4
881.76 614.36
882.88 614.29
C
882.88 616.59 L
881.81 616.51
880.84 616.48
879.97 616.48
C
879.05 616.48 L
879.05 618.7 L
880.75 618.7 L
881.68 618.7
882.67 618.66
883.74 618.59
C
883.74 620.96 L
882.67 620.89
881.7 620.85
880.83 620.85
C
879.05 620.85 L
879.05 622.07 L
879.05 622.8
879.08 623.7
879.16 624.76
C
876.55 624.76 L
876.62 623.7
876.66 622.88
876.66 622.31
C
876.66 620.85 L
874.42 620.85 L
873.54 620.85
872.51 620.89
871.34 620.96
C
871.34 618.59 L
872.51 618.66
873.54 618.7
874.42 618.7
C
876.66 618.7 L
876.66 616.56 L
875.96 616.56
875.28 616.58
874.62 616.63
C
873.96 616.69
873.23 616.82
872.44 617.04
C
872.04 615.94
871.7 615.15
871.42 614.68
C
872.3 606.98 M
871.21 609.74
870.49 611.8
870.11 613.16
C
870.93 614.28
871.49 615.2
871.77 615.93
C
872.05 616.66
872.16 617.35
872.09 618.02
C
872.03 618.68
871.69 619.25
871.08 619.72
C
870.46 620.19
869.64 620.58
868.59 620.87
C
868.31 620
867.95 619.1
867.52 618.15
C
868.74 618.15
869.41 618.05
869.55 617.84
C
869.68 617.64
869.71 617.3
869.62 616.83
C
869.53 616.35
869.36 615.88
869.12 615.39
C
868.87 614.91
868.43 614.31
867.78 613.59
C
868.55 611.16
868.99 609.65
869.08 609.06
C
867.95 609.06 L
867.95 624.52 L
865.55 624.52 L
865.61 622.84
865.64 621.29
865.64 619.88
C
865.64 610.74 L
865.64 609.56
865.61 608.3
865.55 606.98
C
872.3 606.98 L
893.64 607.06 M
894.83 607.06
895.88 607.01
896.78 606.93
C
896.78 609.16 L
895.88 609.09
894.67 609.06
893.17 609.06
C
891.41 609.06 L
891.34 609.46
891.19 610.15
890.95 611.12
C
895.59 611.12 L
895.29 613.53
894.93 615.42
894.5 616.78
C
894.07 618.14
893.51 619.32
892.81 620.32
C
892.1 621.32
891.32 622.15
890.47 622.82
C
889.62 623.49
888.52 624.26
887.19 625.15
C
886.64 624.33
885.95 623.54
885.14 622.81
C
886.86 622.08
888.14 621.4
888.99 620.77
C
889.84 620.15
890.48 619.47
890.91 618.73
C
890.78 618.62
890.47 618.36
889.98 617.95
C
889.48 617.53
888.89 617.05
888.19 616.51
C
889.83 614.65 L
890.41 615.07
890.89 615.45
891.26 615.79
C
891.63 616.13
891.9 616.39
892.08 616.57
C
892.22 616.2
892.39 615.69
892.56 615.06
C
892.74 614.42
892.87 613.8
892.94 613.2
C
890.25 613.2 L
889.95 613.98
889.53 614.81
888.99 615.7
C
888.46 616.58
887.74 617.44
886.84 618.26
C
886.31 617.8
885.62 617.3
884.77 616.76
C
885.57 615.96
886.2 615.21
886.65 614.53
C
887.1 613.85
887.48 613.18
887.78 612.53
C
888.08 611.88
888.31 611.22
888.46 610.56
C
888.61 609.9
888.72 609.4
888.78 609.06
C
887.86 609.06 L
886.78 609.06
885.88 609.1
885.17 609.2
C
885.17 606.91 L
885.88 607.01
886.8 607.06
887.94 607.06
C
893.64 607.06 L
903.56 606.27 M
903.42 607.35
903.34 608.32
903.34 609.18
C
903.34 622.31 L
903.34 623.14
903.1 623.71
902.63 624.03
C
902.15 624.35
901.07 624.64
899.41 624.9
C
899.2 623.9
898.78 622.91
898.16 621.93
C
899.71 622.01
900.56 622.04
900.72 622.01
C
900.88 621.98
900.95 621.79
900.95 621.45
C
900.95 609.18 L
900.95 608.36
900.92 607.39
900.84 606.27
C
903.56 606.27 L
899.67 608.62 M
899.52 609.54
899.44 610.57
899.44 611.68
C
899.44 617.31 L
899.44 618.23
899.47 619.21
899.55 620.23
C
896.75 620.23 L
896.9 619.2
896.97 618.22
896.97 617.31
C
896.97 611.37 L
896.97 610.5
896.9 609.59
896.75 608.62
C
899.67 608.62 L
907.91 610.1 M
907.91 608.59 L
907 608.59
905.99 608.62
904.86 608.7
C
904.86 606.32 L
906.03 606.39
907.7 606.43
909.89 606.43
C
912.07 606.43
913.82 606.39
915.14 606.32
C
915.14 608.7 L
914.18 608.62
913.27 608.59
912.41 608.59
C
912.41 610.1 L
915.08 610.1 L
915.02 612.1
914.99 614.45
914.99 617.15
C
914.99 619.86
915.02 622.29
915.08 624.45
C
912.75 624.45 L
912.75 623.04 L
907.56 623.04 L
907.56 624.68 L
905.31 624.68 L
905.38 622.73
905.41 620.2
905.41 617.07
C
905.41 613.9
905.38 611.58
905.31 610.1
C
907.91 610.1 L
915.09 606.26 M
916.63 606.32
917.81 606.35
918.64 606.35
C
922.91 606.35 L
922.83 607.62
922.8 609.11
922.8 610.82
C
922.8 612.49
922.83 613.93
922.91 615.15
C
917.88 615.15 L
917.88 621.76 L
917.88 622.16
918.08 622.37
918.49 622.37
C
920.99 622.37 L
921.18 622.37
921.33 622.19
921.43 621.84
C
921.53 621.5
921.58 620.69
921.58 619.41
C
922.5 620.14
923.38 620.58
924.24 620.73
C
923.78 622.36
923.4 623.4
923.12 623.85
C
922.83 624.3
922.25 624.52
921.38 624.52
C
917.47 624.52 L
916.25 624.52
915.64 623.76
915.64 622.23
C
915.64 615.98 L
915.64 615.26
915.61 614.29
915.55 613.07
C
920.49 613.07 L
920.49 608.51 L
918.16 608.51
916.37 608.54
915.09 608.6
C
915.09 606.26 L
907.56 618.23 M
912.75 618.23 L
912.75 617.26 L
911.55 617.26 L
910.74 617.04
910.33 616.51
910.33 615.66
C
910.33 612.1 L
909.91 612.1 L
909.91 612.99
909.85 613.89
909.75 614.81
C
909.65 615.72
909.28 616.85
908.64 618.18
C
908.06 617.75
907.7 617.53
907.56 617.51
C
907.56 618.23 L
912.75 620.96 M
912.75 620.15 L
907.56 620.15 L
907.56 620.96 L
912.75 620.96 L
912.33 614.81 M
912.33 615.17
