%!PS-Adobe-3.0 EPSF-3.0
%%Creator: (MATLAB, The MathWorks, Inc. Version 25.2.0.3042426 R2025b Update 1. Operating System: Microsoft Windows 11 专业版)
%%Title: ./fig4_孔径填充对比.eps
%%CreationDate: 2026-01-03T19:40:30
%%Pages: (atend)
%%BoundingBox:    0     0   670   332
%%LanguageLevel: 3
%%EndComments
/bd{bind def}bind def
/ld{load def}bd
/GR/grestore ld
/GS/gsave ld
/RM/rmoveto ld
/C/curveto ld
/t/show ld
/L/lineto ld
/RL/rlineto ld
/ML/setmiterlimit ld
/CT/concat ld
/f/fill ld
/N/newpath ld
/S/stroke ld
/CC/setcmykcolor ld
/A/ashow ld
/cp/closepath ld
/RC/setrgbcolor ld
/LJ/setlinejoin ld
/GC/setgray ld
/LW/setlinewidth ld
/LC/setlinecap ld
/LJ/setlinejoin ld
/SD/setdash ld
/M/moveto ld
/TX/translate ld
/R/rotate ld
/SC/scale ld

/CIRC {0 360 arc}bd
/F {exch findfont exch scalefont setfont}bd
/edef{ exch def } def
/scaleImg{ % width height outputDPI scaleImg
   /outputDPI edef
   /height edef
   /width edef
   /psDPI 72 def
   /sDPI psDPI outputDPI div def % DPI scale
   width sDPI mul % width * (psDPI / outputDPI)
   height sDPI mul
   scale
} def

% LineAttribute methods.linewidth linejoin linecap [dashpattern] dashOffset colorVal(s) <method>
/LAG {setgray setdash setlinecap setlinejoin setlinewidth} bd
/LAR {setrgbcolor setdash setlinecap setlinejoin setlinewidth} bd
/LAC {setcmykcolor setdash setlinecap setlinejoin setlinewidth} bd

% draw line impl
/DL { % VertexList NVerts StartPt DL
  N moveto { lineto } repeat stroke} def
% draw unfilled polyline impl
/DPL { % VertexList NVerts StartPt DPL
  N moveto { lineto } repeat closepath stroke} def
% draw filled polyline impl
/DPLF { % VertexList NVerts StartPt DPLF
  N moveto { lineto } repeat closepath fill } def
/DRL { % VertexList NVerts StartPt DRL
  N moveto { rlineto } repeat stroke} def
% draw unfilled polyline impl
/DRPL { % VertexList NVerts StartPt DRPL
  N moveto { rlineto } repeat closepath stroke} def
% draw filled polyline impl
/DRPLF { % VertexList NVerts StartPt DRPLF
  N moveto { rlineto } repeat closepath fill } def

%%Page: 1 1
%%PageBoundingBox:    0     0   670   332
%%BeginPageSetup
N
0 0 M
669.6 0 L
669.6 331.97 L
0 331.97 L
cp
clip
1.00 GC
0 331.97 669.6 331.97 669.6 0 3 0 0 DPLF
[   0.6 0 0  -0.6 0 331.973] CT
%%EndPageSetup
-128 -9.33 TX
1.00 LW
639 67 639 467 179 467 3 179 67 DPLF
0.83 2 0 [] 0 0.87 LAG
224.51 467 1 224.51 67 DL
316.75 467 1 316.75 67 DL
409 467 1 409 67 DL
501.25 467 1 501.25 67 DL
593.49 467 1 593.49 67 DL
639 467 1 179 467 DL
639 417 1 179 417 DL
639 367 1 179 367 DL
639 317 1 179 317 DL
639 267 1 179 267 DL
639 217 1 179 217 DL
639 167 1 179 167 DL
639 117 1 179 117 DL
639 67 1 179 67 DL
0.13 GC
GS
345 61 M
N
355.31 61.2 M
353.86 62.66 L
352.33 61.18
351.22 59.73
350.55 58.33
C
349.87 56.92
349.53 55.33
349.53 53.55
C
349.53 51.77
349.87 50.17
350.55 48.77
C
351.22 47.37
352.33 45.91
353.86 44.38
C
355.31 45.83 L
353.95 47.13
352.98 48.37
352.4 49.55
C
351.82 50.72
351.53 52.06
351.53 53.55
C
351.53 55.05
351.82 56.38
352.39 57.55
C
352.96 58.73
353.94 59.94
355.31 61.2
C
365.27 60.61 M
362.36 60.61 L
362.12 60.37
361.97 60.13
361.9 59.9
C
361.83 59.66
361.89 59.53
362.06 59.48
C
361.97 59.88
361.63 60.19
361.05 60.42
C
360.48 60.65
359.88 60.77
359.25 60.77
C
358.32 60.77
357.53 60.52
356.86 60.04
C
356.19 59.55
355.86 58.85
355.86 57.92
C
355.86 57.02
356.16 56.29
356.76 55.76
C
357.36 55.22
358.24 54.87
359.42 54.7
C
360.13 54.6
360.7 54.48
361.14 54.36
C
361.58 54.23
361.8 54.15
361.8 54.09
C
361.8 53.88
361.71 53.66
361.55 53.44
C
361.38 53.22
360.98 53.11
360.34 53.11
C
359.81 53.11
359.44 53.2
359.23 53.37
C
359.01 53.54
358.84 53.9
358.7 54.44
C
356.19 54.44 L
356.35 53.18
356.8 52.27
357.54 51.71
C
358.27 51.15
359.21 50.88
360.34 50.88
C
361.59 50.88
362.55 51.17
363.2 51.77
C
363.86 52.37
364.19 53.2
364.19 54.25
C
364.19 58.55 L
364.19 58.81
364.23 59.05
364.32 59.27
C
364.41 59.48
364.72 59.93
365.27 60.61
C
361.8 57.2 M
361.86 56.23 L
361.86 56.28
361.71 56.34
361.41 56.41
C
361.12 56.49
360.62 56.59
359.92 56.7
C
359.24 56.79
358.82 56.92
358.66 57.11
C
358.49 57.3
358.41 57.52
358.41 57.77
C
358.41 57.96
358.48 58.14
358.64 58.3
C
358.8 58.45
359.05 58.53
359.41 58.53
C
359.81 58.53
360.25 58.42
360.73 58.19
C
361.2 57.96
361.56 57.63
361.8 57.2
C
371.06 53.55 M
371.06 55.33
370.73 56.92
370.05 58.33
C
369.38 59.73
368.28 61.18
366.73 62.66
C
365.28 61.2 L
366.66 59.94
367.63 58.73
368.2 57.55
C
368.78 56.38
369.06 55.05
369.06 53.55
C
369.06 52.06
368.78 50.72
368.2 49.55
C
367.63 48.37
366.66 47.13
365.3 45.83
C
366.75 44.38 L
368.28 45.91
369.38 47.37
370.05 48.77
C
370.73 50.17
371.06 51.77
371.06 53.55
C
395.88 53.84 M
393.84 54.48
392.66 54.86
392.31 55
C
392.31 59.89 L
392.26 61.16
391.91 61.95
391.27 62.25
C
390.62 62.55
389.7 62.78
388.5 62.92
C
388.31 61.72
387.97 60.74
387.47 59.98
C
388.83 60.15
389.58 60.18
389.72 60.07
C
389.85 59.96
389.92 59.74
389.92 59.41
C
389.92 55.94 L
389.27 56.17
388.32 56.57
387.08 57.16
C
386.71 56.29
386.24 55.45
385.67 54.63
C
388.13 54.01
389.55 53.64
389.92 53.5
C
389.92 49.94 L
390.42 49.44
390.93 48.95
391.45 48.48
C
391.97 48.02
392.3 47.71
392.44 47.56
C
389.17 47.56 L
388.55 47.56
387.65 47.6
386.48 47.67
C
386.48 45.22 L
387.65 45.29
388.55 45.33
389.17 45.33
C
396.61 45.33 L
396.61 47.38 L
395.66 47.97
394.84 48.53
394.16 49.07
C
393.47 49.61
392.85 50.19
392.31 50.81
C
392.31 52.77 L
392.47 52.71
393.66 52.28
395.89 51.45
C
395.8 52.43
395.79 53.23
395.88 53.84
C
399.61 43.92 M
399.54 45.19
399.5 46.47
399.5 47.77
C
399.5 59.03 L
399.46 59.64
399.51 60
399.66 60.13
C
399.8 60.26
400.21 60.33
400.89 60.33
C
401.54 60.33
401.92 60.18
402.03 59.89
C
402.15 59.6
402.29 58.9
402.45 57.8
C
403.2 58.36
404.07 58.81
405.06 59.14
C
404.66 60.68
404.21 61.64
403.72 62.01
C
403.23 62.38
402.7 62.56
402.14 62.56
C
399.33 62.56 L
397.79 62.56
397.05 61.77
397.11 60.19
C
397.11 47.77 L
397.11 46.84
397.08 45.56
397.02 43.92
C
399.61 43.92 L
420.11 54.31 M
421.4 54.31
422.55 54.28
423.56 54.2
C
423.56 56.58 L
422.6 56.51
421.48 56.47
420.19 56.47
C
419.42 56.47 L
419.42 59.86 L
422.2 59.86 L
424.81 59.67 L
424.81 62.13 L
423.8 62.05
422.94 62.02
422.22 62.02
C
414.48 62.02 L
413.56 62.02
412.56 62.05
411.48 62.13
C
411.48 59.75 L
412.56 59.82
413.56 59.86
414.48 59.86
C
417.11 59.86 L
417.11 56.47 L
416.52 56.47 L
415.58 56.47
414.42 56.5
413.05 56.56
C
413.05 54.2 L
414.42 54.28
415.58 54.31
416.52 54.31
C
420.11 54.31 L
423.73 45.48 M
422.99 46.7
422.38 47.62
421.88 48.23
C
421.38 48.84
420.93 49.35
420.53 49.78
C
422.01 50.6
423.5 51.54
425 52.58
C
424.28 53.21
423.68 53.81
423.2 54.36
C
421.24 52.8
419.81 51.76
418.89 51.23
C
418.18 51.77
417.46 52.24
416.72 52.66
C
415.98 53.09
414.77 53.73
413.09 54.59
C
412.84 54.01
412.28 53.31
411.39 52.5
C
413.08 52.01
414.7 51.29
416.24 50.35
C
417.79 49.41
418.89 48.48
419.53 47.56
C
416.28 47.56 L
415.35 47.56
414.33 47.6
413.2 47.67
C
413.2 45.38 L
414.28 45.45
415.28 45.48
416.2 45.48
C
423.73 45.48 L
414.05 49.3 M
413.29 49.97
412.34 51.05
411.22 52.52
C
411.22 58.78 L
411.22 59.88
411.25 61.24
411.31 62.88
C
408.89 62.88 L
408.95 61.24
408.98 59.85
408.98 58.7
C
408.98 54.81 L
408.71 55.06
408.14 55.57
407.25 56.33
C
406.76 55.76
406.22 55.17
405.62 54.58
C
407.07 53.63
408.29 52.58
409.28 51.44
C
410.27 50.29
411.12 49.01
411.84 47.58
C
412.52 48.16
413.26 48.73
414.05 49.3
C
413.16 45.34 M
412.57 46
411.8 46.85
410.83 47.9
C
409.86 48.95
408.82 49.96
407.72 50.94
C
407.24 50.39
406.62 49.82
405.88 49.23
C
407.1 48.41
408.11 47.58
408.9 46.74
C
409.68 45.9
410.42 44.91
411.09 43.77
C
411.75 44.34
412.44 44.86
413.16 45.34
C
426.7 57.05 M
426.47 56.14
426.03 55.23
425.38 54.33
C
426.9 54.11
428.12 53.83
429.06 53.5
C
429.06 50.3 L
428.26 50.3
427.32 50.37
426.25 50.52
C
426.25 48.11 L
427.27 48.18
428.21 48.22
429.06 48.22
C
429.06 46.89
429.03 45.48
428.97 44
C
431.56 44 L
431.49 45.27
431.45 46.68
431.45 48.22
C
431.69 48.22
432.37 48.18
433.48 48.11
C
433.48 50.41 L
432.37 50.33
431.69 50.3
431.45 50.3
C
431.45 52.67 L
431.55 52.64
432.17 52.43
433.33 52.03
C
433.33 52.81
433.41 53.59
433.56 54.38
C
432.9 54.46
432.19 54.67
431.45 55
C
431.45 60.2 L
431.39 61.2
431.12 61.83
430.64 62.09
C
430.16 62.34
429.09 62.6
427.42 62.88
C
427.42 62.09
427.15 61.15
426.59 60.05
C
428.04 60.13
428.82 60.17
428.91 60.16
C
429.01 60.15
429.06 60.03
429.06 59.8
C
429.06 55.89 L
428.94 55.94
428.15 56.33
426.7 57.05
C
434.09 63.28 M
433.57 62.76
432.7 62.29
431.48 61.86
C
432.41 60.86
433.04 59.97
433.36 59.2
C
433.68 58.42
433.93 57.63
434.11 56.82
C
434.29 56.01
434.39 54.79
434.41 53.14
C
434.44 51.49
434.4 49.41
434.28 46.89
C
441.59 46.89 L
442.68 46.89
443.83 46.85
445.05 46.78
C
445.05 49.14 L
443.83 49.08
442.68 49.05
441.59 49.05
C
436.77 49.05 L
436.77 53.43
436.69 56.04
436.53 56.87
C
436.38 57.7
436.15 58.61
435.85 59.63
C
435.55 60.64
434.97 61.85
434.09 63.28
C
439.78 43.72 M
440.59 45.01
441.26 46.01
441.78 46.7
C
440.82 47.1
439.98 47.45
439.27 47.77
C
438.91 46.97
438.3 45.97
437.42 44.77
C
438.27 44.43
439.05 44.08
439.78 43.72
C
462.89 44.55 M
462.82 45.61
462.78 46.5
462.78 47.22
C
462.78 47.94
462.82 48.81
462.89 49.83
C
459.5 49.83 L
459.5 50.88 L
460.42 50.88 L
460.93 50.88
461.69 50.84
462.7 50.77
C
462.7 53.06 L
461.54 52.99
460.8 52.95
460.5 52.95
C
459.5 52.95 L
459.5 54 L
461.91 54 L
462.36 54
463.15 53.96
464.27 53.89
C
464.27 56.19 L
463.15 56.11
462.39 56.08
461.98 56.08
C
457.61 56.08 L
457.85 56.89
458.28 57.55
458.89 58.06
C
459.53 57.39
460.18 56.48
460.84 55.36
C
461.49 55.85
462.29 56.35
463.25 56.88
C
462.43 57.43
461.51 58.25
460.5 59.34
C
461.39 59.96
462.95 60.44
465.19 60.78
C
464.38 61.49
463.8 62.24
463.47 63.05
C
461.74 62.49
460.4 61.95
459.45 61.41
C
458.51 60.86
457.68 60.16
456.97 59.28
C
456.26 58.41
455.72 57.34
455.34 56.08
C
453.95 56.08 L
453.95 59.39 L
454.61 59.02
455.3 58.53
456.02 57.92
C
456.19 58.93
456.43 59.78
456.73 60.47
C
456.2 60.74
455.57 61.1
454.83 61.56
C
454.09 62.02
453.32 62.6
452.53 63.31
C
452 62.55
451.5 61.9
451.03 61.36
C
451.49 60.84
451.72 60.27
451.72 59.64
C
451.72 56.08 L
450.02 56.08 L
449.88 57.47
449.61 58.79
449.21 60.02
C
448.81 61.24
448.33 62.3
447.77 63.17
C
447.14 62.62
446.51 62.18
445.86 61.86
C
446.45 60.74
446.89 59.73
447.16 58.82
C
447.44 57.91
447.63 56.94
447.73 55.92
C
447.84 54.9
447.88 53.76
447.85 52.49
C
447.83 51.23
447.81 50.12
447.81 49.17
C
447.81 48.19
447.78 46.65
447.72 44.55
C
462.89 44.55 L
460.55 47.75 M
460.55 46.7 L
450.05 46.7 L
450.05 47.75 L
460.55 47.75 L
452.81 54 M
452.81 52.95 L
452.45 52.95 L
451.99 52.95
451.2 52.99
450.08 53.06
C
450.08 50.77 L
451.2 50.84
451.99 50.88
452.45 50.88
C
452.81 50.88 L
452.81 49.83 L
450.05 49.83 L
450.05 54 L
452.81 54 L
457.27 50.88 M
457.27 49.83 L
455.05 49.83 L
455.05 50.88 L
457.27 50.88 L
457.27 54 M
457.27 52.95 L
455.05 52.95 L
455.05 54 L
457.27 54 L
cp
f
GR
639 467 1 179 467 DL
0.20 GC
198.68 437 198.68 467 188.84 467 3 188.84 437 DPLF
290.93 445.79 290.93 467 281.09 467 3 281.09 445.79 DPLF
383.17 438.72 383.17 467 373.33 467 3 373.33 438.72 DPLF
475.42 449.5 475.42 467 465.58 467 3 465.58 449.5 DPLF
567.66 438.72 567.66 467 557.82 467 3 557.82 438.72 DPLF
0.83 0 0 [] 0 0.13 LAG
198.68 467 198.68 437 188.84 437 3 188.84 467 DPL
290.93 467 290.93 445.79 281.09 445.79 3 281.09 467 DPL
383.17 467 383.17 438.72 373.33 438.72 3 373.33 467 DPL
475.42 467 475.42 449.5 465.58 449.5 3 465.58 467 DPL
567.66 467 567.66 438.72 557.82 438.72 3 557.82 467 DPL
0.85 0.33 0.10 RC
210.98 355.96 210.98 467 201.14 467 3 201.14 355.96 DPLF
303.22 358 303.22 467 293.39 467 3 293.39 358 DPLF
395.47 351.11 395.47 467 385.63 467 3 385.63 351.11 DPLF
487.72 365.83 487.72 467 477.88 467 3 477.88 365.83 DPLF
579.96 351.11 579.96 467 570.12 467 3 570.12 351.11 DPLF
0.83 0 0 [] 0 0.13 LAG
210.98 467 210.98 355.96 201.14 355.96 3 201.14 467 DPL
303.22 467 303.22 358 293.39 358 3 293.39 467 DPL
395.47 467 395.47 351.11 385.63 351.11 3 385.63 467 DPL
487.72 467 487.72 365.83 477.88 365.83 3 477.88 467 DPL
579.96 467 579.96 351.11 570.12 351.11 3 570.12 467 DPL
0.00 0.45 0.74 RC
223.28 100.13 223.28 467 213.44 467 3 213.44 100.13 DPLF
315.52 106.52 315.52 467 305.68 467 3 305.68 106.52 DPLF
407.77 99.72 407.77 467 397.93 467 3 397.93 99.72 DPLF
500.02 111.33 500.02 467 490.18 467 3 490.18 111.33 DPLF
592.26 99.72 592.26 467 582.42 467 3 582.42 99.72 DPLF
0.83 0 0 [] 0 0.13 LAG
223.28 467 223.28 100.13 213.44 100.13 3 213.44 467 DPL
315.52 467 315.52 106.52 305.68 106.52 3 305.68 467 DPL
407.77 467 407.77 99.72 397.93 99.72 3 397.93 467 DPL
500.02 467 500.02 111.33 490.18 111.33 3 490.18 467 DPL
592.26 467 592.26 99.72 582.42 99.72 3 582.42 467 DPL
0.47 0.67 0.19 RC
235.58 185.03 235.58 467 225.74 467 3 225.74 185.03 DPLF
327.82 177.94 327.82 467 317.98 467 3 317.98 177.94 DPLF
420.07 171.35 420.07 467 410.23 467 3 410.23 171.35 DPLF
512.32 190.58 512.32 467 502.48 467 3 502.48 190.58 DPLF
604.56 171.35 604.56 467 594.72 467 3 594.72 171.35 DPLF
0.83 0 0 [] 0 0.13 LAG
235.58 467 235.58 185.03 225.74 185.03 3 225.74 467 DPL
327.82 467 327.82 177.94 317.98 177.94 3 317.98 467 DPL
420.07 467 420.07 171.35 410.23 171.35 3 410.23 467 DPL
512.32 467 512.32 190.58 502.48 190.58 3 502.48 467 DPL
604.56 467 604.56 171.35 594.72 171.35 3 594.72 467 DPL
0.49 0.18 0.56 RC
247.88 165.39 247.88 467 238.04 467 3 238.04 165.39 DPLF
340.12 144.85 340.12 467 330.28 467 3 330.28 144.85 DPLF
432.37 151.93 432.37 467 422.53 467 3 422.53 151.93 DPLF
524.61 166.38 524.61 467 514.78 467 3 514.78 166.38 DPLF
616.86 135.86 616.86 467 607.02 467 3 607.02 135.86 DPLF
0.83 0 0 [] 0 0.13 LAG
247.88 467 247.88 165.39 238.04 165.39 3 238.04 467 DPL
340.12 467 340.12 144.85 330.28 144.85 3 330.28 467 DPL
432.37 467 432.37 151.93 422.53 151.93 3 422.53 467 DPL
524.61 467 524.61 166.38 514.78 166.38 3 514.78 467 DPL
616.86 467 616.86 135.86 607.02 135.86 3 607.02 467 DPL
0.93 0.69 0.13 RC
260.18 343.28 260.18 467 250.34 467 3 250.34 343.28 DPLF
352.42 345.11 352.42 467 342.58 467 3 342.58 345.11 DPLF
444.67 338.91 444.67 467 434.83 467 3 434.83 338.91 DPLF
536.91 352.05 536.91 467 527.07 467 3 527.07 352.05 DPLF
629.16 338.91 629.16 467 619.32 467 3 619.32 338.91 DPLF
0.83 0 0 [] 0 0.13 LAG
260.18 467 260.18 343.28 250.34 343.28 3 250.34 467 DPL
352.42 467 352.42 345.11 342.58 345.11 3 342.58 467 DPL
444.67 467 444.67 338.91 434.83 338.91 3 434.83 467 DPL
536.91 467 536.91 352.05 527.07 352.05 3 527.07 467 DPL
629.16 467 629.16 338.91 619.32 338.91 3 619.32 467 DPL
GS
367 560.62 M
N
374.42 552.42 M
375.17 551.95
375.74 551.36
376.13 550.64
C
376.52 549.92
376.83 549.26
377.05 548.67
C
376.67 548.67
375.88 548.7
374.66 548.76
C
374.66 546.4 L
375.93 546.48
377.01 546.51
377.91 546.51
C
378.15 545.83
378.36 544.81
378.55 543.45
C
379.54 543.68
380.54 543.94
381.55 544.25
C
380.77 545.67
380.36 546.43
380.34 546.51
C
383.36 546.51 L
384.29 546.51
385.28 546.48
386.34 546.4
C
386.34 548.78 L
385.33 548.7
384.36 548.67
383.44 548.67
C
379.48 548.67 L
379.19 549.35
378.62 550.5
377.78 552.14
C
379.66 552.14 L
379.66 551.61 L
379.66 551.1
379.62 550.39
379.55 549.48
C
382.17 549.48 L
382.09 550.35
382.05 550.98
382.05 551.37
C
382.05 552.14 L
382.89 552.14 L
383.77 552.14
384.76 552.1
385.88 552.03
C
385.88 554.32 L
384.81 554.25
383.84 554.21
382.97 554.21
C
382.05 554.21 L
382.05 556.43 L
383.75 556.43 L
384.68 556.43
385.67 556.4
386.73 556.32
C
386.73 558.7 L
385.67 558.63
384.7 558.59
383.83 558.59
C
382.05 558.59 L
382.05 559.81 L
382.05 560.54
382.08 561.43
382.16 562.5
C
379.55 562.5 L
379.62 561.43
379.66 560.62
379.66 560.04
C
379.66 558.59 L
377.42 558.59 L
376.54 558.59
375.51 558.63
374.34 558.7
C
374.34 556.32 L
375.51 556.4
376.54 556.43
377.42 556.43
C
379.66 556.43 L
379.66 554.29 L
378.96 554.29
378.28 554.32
377.62 554.37
C
376.96 554.42
376.23 554.56
375.44 554.78
C
375.04 553.67
374.7 552.89
374.42 552.42
C
375.3 544.71 M
374.21 547.48
373.48 549.54
373.11 550.9
C
373.93 552.02
374.48 552.94
374.77 553.67
C
375.05 554.4
375.16 555.09
375.09 555.75
C
375.03 556.42
374.69 556.98
374.08 557.46
C
373.46 557.93
372.64 558.31
371.59 558.61
C
371.31 557.74
370.95 556.83
370.52 555.89
C
371.73 555.89
372.41 555.79
372.55 555.58
C
372.68 555.38
372.71 555.04
372.62 554.57
C
372.53 554.09
372.36 553.61
372.12 553.13
C
371.87 552.64
371.43 552.04
370.78 551.32
C
371.55 548.9
371.98 547.39
372.08 546.79
C
370.95 546.79 L
370.95 562.26 L
368.55 562.26 L
368.61 560.57
368.64 559.03
368.64 557.62
C
368.64 548.48 L
368.64 547.29
368.61 546.04
368.55 544.71
C
375.3 544.71 L
396.64 544.79 M
397.83 544.79
398.88 544.75
399.78 544.67
C
399.78 546.9 L
398.88 546.83
397.67 546.79
396.17 546.79
C
394.41 546.79 L
394.34 547.2
394.19 547.89
393.95 548.86
C
398.59 548.86 L
398.29 551.27
397.93 553.16
397.5 554.52
C
397.07 555.88
396.51 557.06
395.8 558.06
C
395.1 559.06
394.32 559.89
393.47 560.56
C
392.61 561.23
391.52 562
390.19 562.89
C
389.64 562.06
388.95 561.28
388.14 560.54
C
389.86 559.81
391.14 559.14
391.99 558.51
C
392.84 557.89
393.48 557.2
393.91 556.46
C
393.78 556.36
393.47 556.1
392.98 555.68
C
392.48 555.27
391.89 554.79
391.19 554.25
C
392.83 552.39 L
393.41 552.8
393.89 553.18
394.26 553.53
C
394.63 553.87
394.9 554.13
395.08 554.31
C
395.22 553.93
395.39 553.43
395.56 552.79
C
395.74 552.16
395.86 551.54
395.94 550.93
C
393.25 550.93 L
392.95 551.71
392.53 552.55
391.99 553.43
C
391.46 554.32
390.74 555.17
389.84 556
C
389.31 555.54
388.62 555.04
387.77 554.5
C
388.57 553.69
389.2 552.95
389.65 552.27
C
390.1 551.59
390.48 550.92
390.78 550.27
C
391.08 549.62
391.31 548.96
391.46 548.3
C
391.61 547.64
391.72 547.14
391.78 546.79
C
390.86 546.79 L
389.78 546.79
388.88 546.84
388.17 546.93
C
388.17 544.65 L
388.88 544.75
389.8 544.79
390.94 544.79
C
396.64 544.79 L
406.56 544.01 M
406.42 545.08
406.34 546.05
406.34 546.92
C
406.34 560.04 L
406.34 560.88
406.1 561.45
405.62 561.77
C
405.15 562.09
404.07 562.38
402.41 562.64
C
402.2 561.64
401.78 560.65
401.16 559.67
C
402.71 559.75
403.56 559.78
403.72 559.75
C
403.88 559.71
403.95 559.53
403.95 559.18
C
403.95 546.92 L
403.95 546.1
403.92 545.13
403.84 544.01
C
406.56 544.01 L
402.67 546.36 M
402.52 547.28
402.44 548.3
402.44 549.42
C
402.44 555.04 L
402.44 555.97
402.47 556.94
402.55 557.96
C
399.75 557.96 L
399.9 556.93
399.97 555.96
399.97 555.04
C
399.97 549.11 L
399.97 548.24
399.9 547.32
399.75 546.36
C
402.67 546.36 L
410.91 547.84 M
410.91 546.32 L
410 546.32
408.98 546.36
407.86 546.43
C
407.86 544.06 L
409.03 544.13
410.7 544.17
412.89 544.17
C
415.07 544.17
416.82 544.13
418.14 544.06
C
418.14 546.43 L
417.18 546.36
416.27 546.32
415.41 546.32
C
415.41 547.84 L
418.08 547.84 L
418.02 549.84
417.98 552.19
417.98 554.89
C
417.98 557.6
418.02 560.03
418.08 562.18
C
415.75 562.18 L
415.75 560.78 L
410.56 560.78 L
410.56 562.42 L
408.31 562.42 L
408.38 560.47
408.41 557.93
408.41 554.81
C
408.41 551.64
408.38 549.32
408.31 547.84
C
410.91 547.84 L
418.09 544 M
419.62 544.06
420.81 544.09
421.64 544.09
C
425.91 544.09 L
425.83 545.36
425.8 546.85
425.8 548.56
C
425.8 550.23
425.83 551.67
425.91 552.89
C
420.88 552.89 L
420.88 559.5 L
420.88 559.9
421.08 560.11
421.48 560.11
C
423.98 560.11 L
424.18 560.11
424.33 559.93
424.43 559.58
C
424.53 559.23
424.58 558.42
424.58 557.15
C
425.49 557.88
426.38 558.32
427.23 558.46
C
426.78 560.1
426.4 561.14
426.12 561.59
C
425.83 562.04
425.25 562.26
424.38 562.26
C
420.47 562.26 L
419.25 562.26
418.64 561.5
418.64 559.96
C
418.64 553.71 L
418.64 553
418.61 552.03
418.55 550.81
C
423.48 550.81 L
423.48 546.25 L
421.16 546.25
419.36 546.28
418.09 546.34
C
418.09 544 L
410.56 555.96 M
415.75 555.96 L
415.75 555 L
414.55 555 L
413.73 554.78
413.33 554.25
413.33 553.4
C
413.33 549.84 L
412.91 549.84 L
412.91 550.73
412.85 551.63
412.75 552.54
C
412.65 553.46
412.28 554.58
411.64 555.92
C
411.06 555.49
410.7 555.27
410.56 555.25
C
410.56 555.96 L
415.75 558.7 M
415.75 557.89 L
410.56 557.89 L
410.56 558.7 L
415.75 558.7 L
415.33 552.54 M
415.33 552.91
415.47 553.07
415.75 553.04
C
415.75 549.84 L
415.33 549.84 L
415.33 552.54 L
410.55 553.25 M
410.49 553.29
410.54 552.93
410.69 552.17
C
410.83 551.41
410.91 550.63
410.91 549.84
C
410.56 549.84 L
410.55 553.25 L
413.33 547.84 M
413.33 546.32 L
412.91 546.32 L
412.91 547.84 L
413.33 547.84 L
439.3 548.39 M
438.98 549.13
438.81 549.49
438.77 549.46
C
442.27 549.4 L
442.98 549.4
444.08 549.37
445.56 549.31
C
445.56 551.5 L
444.14 551.43
443.04 551.4
442.27 551.4
C
438.41 551.4 L
438.36 551.67 L
443.47 551.67 L
443.41 553.25
443.38 554.48
443.38 555.36
C
443.38 559.95 L
444.34 559.95
445.44 559.91
446.66 559.84
C
446.66 561.89 L
445.23 561.82
444.03 561.79
443.05 561.79
C
431.8 561.79 L
430.76 561.79
429.57 561.82
428.25 561.89
C
428.25 559.84 L
429.62 559.91
430.72 559.95
431.53 559.95
C
431.53 555.36 L
431.53 554.48
431.5 553.25
431.44 551.67
C
436.05 551.67 L
436.08 551.4 L
432.42 551.4 L
431.48 551.4
430.35 551.43
429.03 551.5
C
429.03 549.29 L
430.35 549.37
431.48 549.4
432.42 549.4
C
436.34 549.4 L
436.36 549.25
436.38 548.82
436.38 548.14
C
437.2 548.3
438.17 548.39
439.3 548.39
C
445.28 544.32 M
445.21 545.33
445.17 546.15
445.17 546.76
C
445.17 547.38
445.21 548.06
445.3 548.82
C
429.78 548.82 L
429.85 547.91
429.89 547.19
429.89 546.68
C
429.89 546.12
429.85 545.33
429.78 544.32
C
445.28 544.32 L
441.3 553.86 M
441.3 553.59 L
433.61 553.59 L
433.61 553.86 L
441.3 553.86 L
441.3 555.89 M
441.3 555.7 L
433.61 555.7 L
433.61 555.89 L
441.3 555.89 L
441.3 559.95 M
441.3 559.76 L
433.61 559.76 L
433.61 559.95 L
441.3 559.95 L
441.3 557.84 M
441.3 557.89 L
433.61 557.89 L
433.61 557.84 L
441.3 557.84 L
438.56 546.98 M
438.56 546.17 L
436.27 546.17 L
436.27 546.98 L
438.56 546.98 L
442.86 546.98 M
442.86 546.17 L
440.64 546.17 L
440.64 546.98 L
442.86 546.98 L
434.34 546.98 M
434.34 546.17 L
432.2 546.17 L
432.2 546.98 L
434.34 546.98 L
cp
f
GR
0.83 2 2 [] 0 0.13 LAG
639 467 1 179 467 DL
639 67 1 179 67 DL
224.51 462.4 1 224.51 467 DL
224.51 67 1 224.51 71.6 DL
316.75 462.4 1 316.75 467 DL
316.75 67 1 316.75 71.6 DL
409 462.4 1 409 467 DL
409 67 1 409 71.6 DL
501.25 462.4 1 501.25 467 DL
501.25 67 1 501.25 71.6 DL
593.49 462.4 1 593.49 467 DL
593.49 67 1 593.49 71.6 DL
GS
162.36 528.36 M
N
167.05 516.07 M
167.02 515.38
166.92 514.73
166.74 514.13
C
167.28 514.04
167.82 513.91
168.38 513.75
C
168.27 514.2
168.25 514.73
168.32 515.34
C
170.94 513.82 L
171.68 513.4
172.43 512.93
173.22 512.42
C
173.82 513.46 L
172.98 513.88
172.22 514.29
171.52 514.69
C
168.42 516.48 L
168.45 517.28
168.4 518.13
168.26 519.01
C
169.9 518.07 L
169.66 517.66
169.43 517.31
169.21 517
C
170.36 516.34 L
170.54 516.73
170.73 517.11
170.94 517.47
C
174.16 515.61 L
174.41 516.12
174.71 516.68
175.06 517.29
C
176.29 519.41 L
176.62 519.99
176.69 520.44
176.5 520.77
C
176.31 521.1
175.92 521.51
175.34 522
C
174.98 521.56
174.57 521.22
174.11 520.99
C
174.8 520.6
175.16 520.35
175.21 520.24
C
175.26 520.14
175.19 519.92
175 519.6
C
173.63 517.21 L
171.5 518.44 L
173.4 521.73 L
173.71 522.26
174.07 522.84
174.48 523.47
C
173.33 524.13 L
173.02 523.51
172.69 522.91
172.36 522.33
C
170.46 519.04 L
168.63 520.1 L
171.06 524.31 L
169.97 524.94 L
169.5 524.02
168.83 522.81
167.96 521.3
C
167.64 522.35
167.35 523.22
167.1 523.91
C
166.56 523.63
166.06 523.51
165.6 523.56
C
166.17 522.48
166.56 521.41
166.8 520.35
C
167.03 519.3
167.14 518.26
167.14 517.23
C
166.29 517.72
165.49 518.21
164.74 518.7
C
164.14 517.66 L
164.94 517.26
165.91 516.73
167.05 516.07
C
161.82 513.08 M
161.26 513.51
160.65 514.08
159.98 514.79
C
161.56 517.53 L
162 517.27
162.52 516.95
163.11 516.56
C
163.74 517.65 L
163.1 517.96
162.56 518.25
162.12 518.5
C
163.21 520.39 L
163.25 520.09
163.36 519.71
163.52 519.24
C
164.06 519.52
164.8 519.87
165.75 520.3
C
165.55 520.69
165.38 521.11
165.26 521.56
C
164.89 521.29
164.24 520.96
163.31 520.57
C
165.92 525.08 L
166.36 525.85
166.86 526.68
167.41 527.55
C
166.2 528.25 L
165.63 527.17
165.17 526.32
164.82 525.71
C
162.71 522.06 L
162.83 522.74
162.92 523.39
162.97 523.98
C
163.02 524.58
163.1 525.36
163.22 526.31
C
162.66 526.09
162.08 525.89
161.47 525.69
C
161.69 524.76
161.73 523.72
161.57 522.56
C
161.42 521.4
161.18 520.3
160.83 519.24
C
160.23 519.59
159.55 520.01
158.8 520.51
C
158.17 519.41 L
159.13 518.9
159.89 518.49
160.46 518.16
C
159.02 515.67 L
158.62 516.01
158.25 516.36
157.91 516.71
C
157.43 516.44
156.98 516.27
156.56 516.19
C
157.26 515.63
157.95 515.03
158.64 514.38
C
159.33 513.74
159.83 513.09
160.14 512.42
C
160.67 512.66
161.23 512.88
161.82 513.08
C
168.89 508.58 M
168.62 508.96
168.41 509.35
168.26 509.76
C
168.12 510.16
167.93 510.63
167.69 511.15
C
169 510.98
170.23 510.87
171.39 510.8
C
171.23 511.37
171.19 511.86
171.25 512.25
C
170.49 512.15
169.14 512.2
167.21 512.41
C
166.86 513.3
166.47 514.09
166.05 514.77
C
165.63 515.44
165.25 516.04
164.9 516.57
C
164.36 516.29
163.86 516.15
163.42 516.13
C
164.08 515.48
164.58 514.88
164.91 514.34
C
165.24 513.79
165.59 513.17
165.95 512.48
C
165.28 512.54
164.68 512.63
164.15 512.75
C
163.62 512.86
163.08 512.96
162.55 513.06
C
162.51 512.54
162.46 512.08
162.4 511.68
C
162.9 511.61
163.42 511.52
163.96 511.43
C
164.5 511.33
165.3 511.25
166.34 511.19
C
166.88 509.8
167.16 508.88
167.18 508.43
C
167.73 508.55
168.3 508.6
168.89 508.58
C
177.39 504.16 M
177.37 504.99
177.34 505.62
177.29 506.05
C
177.25 506.48
177.18 507.1
177.11 507.9
C
178.55 510.4 L
180.07 509.53 L
180.59 510.43 L
179.08 511.31 L
181.11 514.84 L
181.51 514.4
181.88 513.97
182.23 513.55
C
182.38 513.89
182.58 514.24
182.83 514.59
C
182.42 515.09
181.83 515.8
181.05 516.71
C
180.28 517.62
179.73 518.44
179.39 519.17
C
178.88 518.76
178.4 518.44
177.94 518.22
C
178.22 517.95
178.45 517.74
178.63 517.57
C
175.93 512.89 L
175.72 512.52
175.37 511.97
174.88 511.22
C
176.04 510.55 L
176.42 511.31
176.75 511.93
177.03 512.42
C
179.45 516.61 L
179.73 516.34
180 516.06
180.25 515.75
C
177.05 510.2 L
176.61 509.44
176.18 508.79
175.77 508.27
C
175.89 507.82
175.97 507.15
176 506.26
C
174.59 507.08 L
174.11 507.36
173.57 507.7
172.99 508.09
C
172.36 506.99 L
172.99 506.68
173.54 506.38
174.03 506.1
C
177.39 504.16 L
180.5 501 M
181.16 501.48
181.73 501.93
182.19 502.36
C
183.53 501.59 L
184.46 501.05
185.2 500.6
185.75 500.24
C
186.34 501.27 L
185.72 501.58
184.96 502
184.06 502.51
C
181.38 504.06 L
181.76 504.06
182.19 504.05
182.67 504.04
C
182.43 504.56
182.28 505.11
182.2 505.7
C
182.13 506.28
182.03 506.88
181.91 507.49
C
182.92 506.91
184.23 506.09
185.85 505.05
C
185.46 504.84
184.92 504.67
184.25 504.52
C
184.43 504.19
184.59 503.8
184.71 503.35
C
185.22 503.48
185.84 503.67
186.57 503.9
C
187.3 504.13
188 504.37
188.69 504.62
C
188.45 505.14
188.27 505.57
188.14 505.91
C
187.84 505.76
187.48 505.62
187.08 505.48
C
186.24 506.01
185.25 506.66
184.1 507.43
C
182.95 508.2
182.02 508.91
181.3 509.54
C
180.97 509.25
180.56 508.97
180.08 508.71
C
180.52 508.34
180.81 507.69
180.94 506.75
C
181.08 505.8
181.06 505
180.9 504.34
C
180.17 504.76
179.32 505.27
178.37 505.87
C
177.78 504.84 L
178.69 504.36
179.73 503.78
180.91 503.11
C
180.42 502.63
179.97 502.27
179.56 502.02
C
179.96 501.69
180.27 501.35
180.5 501
C
187.66 506.77 M
187.93 507.42
188.24 508.05
188.59 508.67
C
190.24 511.52 L
190.45 511.89
190.7 511.99
190.98 511.83
C
191.47 511.55 L
191.52 511.35
191.51 511.15
191.45 510.95
C
191.39 510.74
191.2 510.38
190.89 509.84
C
191.47 509.9
191.98 509.85
192.43 509.69
C
192.74 510.71
192.88 511.39
192.84 511.74
C
192.8 512.08
192.63 512.34
192.34 512.51
C
191.19 513.17 L
190.5 513.57
189.95 513.43
189.56 512.74
C
187.44 509.08 L
187.09 508.47
186.76 507.94
186.44 507.47
C
187.66 506.77 L
183.28 509.46 M
183.32 509.81
183.48 510.24
183.75 510.77
C
184.02 511.29
184.28 511.88
184.54 512.55
C
184.79 513.21
184.98 513.97
185.11 514.81
C
185.25 515.66
185.21 516.6
185.01 517.64
C
184.61 517.44
184.08 517.42
183.42 517.59
C
183.71 516.77
183.86 516.05
183.87 515.41
C
183.89 514.78
183.81 514.17
183.63 513.59
C
183.46 513.01
183.22 512.42
182.9 511.82
C
182.58 511.22
182.22 510.61
181.8 509.99
C
182.4 509.8
182.89 509.62
183.28 509.46
C
185.31 508.04 M
185.48 508.53
185.79 509.15
186.21 509.88
C
187.79 512.61 L
188.09 513.14
188.49 513.79
188.97 514.54
C
187.82 515.21 L
187.41 514.41
187.05 513.75
186.74 513.21
C
185.17 510.48 L
184.7 509.67
184.34 509.09
184.09 508.74
C
185.31 508.04 L
198.61 502.95 M
199.17 503.93
199.36 504.85
199.18 505.71
C
199 506.57
198.36 507.32
197.27 507.95
C
196.17 508.58
195.2 508.76
194.37 508.49
C
193.54 508.21
192.84 507.58
192.28 506.61
C
188.03 499.25 L
189.42 498.44 L
193.67 505.81 L
194.07 506.5
194.53 506.92
195.04 507.05
C
195.55 507.19
196.07 507.11
196.61 506.8
C
197.13 506.5
197.46 506.09
197.6 505.58
C
197.73 505.06
197.6 504.46
197.2 503.77
C
192.95 496.4 L
194.36 495.59 L
198.61 502.95 L
208.21 501.47 M
201.88 505.12 L
195.87 494.72 L
197.28 493.9 L
202.63 503.16 L
207.55 500.32 L
208.21 501.47 L
216.44 496.72 M
214.98 497.56 L
212.27 494.83 L
209.59 496.38 L
210.6 500.09 L
209.14 500.94 L
206.1 488.65 L
207.32 487.95 L
216.44 496.72 L
211.29 493.85 M
208.17 490.7 L
208.05 490.77 L
209.22 495.04 L
211.29 493.85 L
221.18 487.49 M
214.24 491.49 L
213.68 490.52 L
220.62 486.51 L
221.18 487.49 L
228.04 486.86 M
223.36 489.57 L
222.75 488.53 L
223.57 478.56 L
224.49 478.03 L
228.6 485.15 L
230.06 484.31 L
230.66 485.35 L
229.2 486.19 L
230.54 488.51 L
229.37 489.18 L
228.04 486.86 L
227.44 485.82 M
224.66 481.02 L
224.03 487.79 L
227.44 485.82 L
cp
f
GR
GS
246.81 532.86 M
N
251.5 520.57 M
251.47 519.88
251.37 519.23
251.19 518.63
C
251.73 518.54
252.28 518.41
252.83 518.25
C
252.72 518.7
252.7 519.23
252.77 519.84
C
255.4 518.32 L
256.13 517.9
256.89 517.43
257.67 516.92
C
258.27 517.96 L
257.44 518.38
256.67 518.79
255.97 519.19
C
252.88 520.98 L
252.9 521.78
252.85 522.63
252.71 523.51
C
254.35 522.57 L
254.12 522.16
253.89 521.81
253.66 521.5
C
254.81 520.84 L
254.99 521.23
255.18 521.61
255.39 521.97
C
258.61 520.11 L
258.86 520.62
259.16 521.18
259.51 521.79
C
260.74 523.91 L
261.07 524.49
261.14 524.94
260.95 525.27
C
260.76 525.6
260.38 526.01
259.79 526.5
C
259.43 526.06
259.02 525.72
258.56 525.49
C
259.25 525.1
259.62 524.85
259.66 524.74
C
259.71 524.64
259.64 524.42
259.45 524.1
C
258.08 521.71 L
255.95 522.94 L
257.85 526.23 L
258.16 526.76
258.52 527.34
258.93 527.97
C
257.78 528.63 L
257.47 528.01
257.14 527.41
256.81 526.83
C
254.91 523.54 L
253.09 524.6 L
255.51 528.81 L
254.42 529.44 L
253.95 528.52
253.28 527.31
252.41 525.8
C
252.09 526.85
251.8 527.72
251.55 528.41
C
251.01 528.13
250.52 528.01
250.05 528.06
C
250.62 526.98
251.02 525.91
251.25 524.85
C
251.48 523.8
251.6 522.76
251.59 521.73
C
250.74 522.22
249.94 522.71
249.19 523.2
C
248.59 522.16 L
249.39 521.76
250.36 521.23
251.5 520.57
C
246.27 517.58 M
245.72 518.01
245.1 518.58
244.43 519.29
C
246.01 522.03 L
246.45 521.77
246.97 521.45
247.56 521.06
C
248.19 522.15 L
247.55 522.46
247.01 522.75
246.57 523
C
247.66 524.89 L
247.71 524.59
247.81 524.21
247.97 523.74
C
248.51 524.02
249.25 524.37
250.21 524.8
C
250 525.19
249.84 525.61
249.71 526.06
C
249.34 525.79
248.69 525.46
247.77 525.07
C
250.37 529.58 L
250.81 530.35
251.31 531.18
251.87 532.05
C
250.65 532.75 L
250.08 531.67
249.63 530.82
249.27 530.21
C
247.16 526.56 L
247.28 527.24
247.37 527.89
247.42 528.48
C
247.47 529.08
247.55 529.86
247.67 530.81
C
247.11 530.59
246.53 530.39
245.92 530.19
C
246.14 529.26
246.18 528.22
246.03 527.06
C
245.88 525.9
245.63 524.8
245.28 523.74
C
244.68 524.09
244 524.51
243.25 525.01
C
242.62 523.91 L
243.58 523.4
244.34 522.99
244.91 522.66
C
243.47 520.17 L
243.07 520.51
242.7 520.86
242.36 521.21
C
241.88 520.94
241.43 520.77
241.01 520.69
C
241.71 520.13
242.41 519.53
243.09 518.88
C
243.78 518.24
244.28 517.59
244.6 516.92
C
245.12 517.16
245.68 517.38
246.27 517.58
C
253.35 513.08 M
253.07 513.46
252.86 513.85
252.72 514.26
C
252.57 514.66
252.38 515.13
252.14 515.65
C
253.45 515.48
254.69 515.37
255.84 515.3
C
255.69 515.87
255.64 516.36
255.7 516.75
C
254.94 516.65
253.6 516.7
251.66 516.91
C
251.31 517.8
250.93 518.59
250.5 519.27
C
250.08 519.94
249.7 520.54
249.35 521.07
C
248.81 520.79
248.31 520.65
247.87 520.63
C
248.53 519.98
249.03 519.38
249.36 518.84
C
249.7 518.29
250.04 517.67
250.4 516.98
C
249.73 517.04
249.13 517.13
248.6 517.25
C
248.07 517.36
247.54 517.46
247 517.56
C
246.96 517.04
246.91 516.58
246.85 516.18
C
247.35 516.11
247.87 516.02
248.41 515.93
C
248.95 515.83
249.75 515.75
250.79 515.69
C
251.34 514.3
251.62 513.38
251.64 512.93
C
252.18 513.05
252.75 513.1
253.35 513.08
C
261.84 508.66 M
261.82 509.49
261.79 510.12
261.74 510.55
C
261.7 510.98
261.64 511.6
261.56 512.4
C
263 514.9 L
264.52 514.03 L
265.04 514.93 L
263.53 515.81 L
265.57 519.34 L
265.96 518.9
266.33 518.47
266.68 518.05
C
266.83 518.39
267.03 518.74
267.28 519.09
C
266.87 519.59
266.28 520.3
265.51 521.21
C
264.73 522.12
264.18 522.94
263.85 523.67
C
263.33 523.26
262.85 522.94
262.4 522.72
C
262.67 522.45
262.9 522.24
263.08 522.07
C
260.38 517.39 L
260.17 517.02
259.82 516.47
259.33 515.72
C
260.49 515.05 L
260.87 515.81
261.2 516.43
261.48 516.92
C
263.9 521.11 L
264.18 520.84
264.45 520.56
264.7 520.25
C
261.5 514.7 L
261.06 513.94
260.63 513.29
260.22 512.77
C
260.34 512.32
260.42 511.65
260.45 510.76
C
259.04 511.58 L
258.56 511.86
258.03 512.2
257.45 512.59
C
256.81 511.49 L
257.44 511.18
258 510.88
258.48 510.6
C
261.84 508.66 L
264.95 505.5 M
265.62 505.98
266.18 506.43
266.64 506.86
C
267.98 506.09 L
268.91 505.55
269.65 505.1
270.2 504.74
C
270.79 505.77 L
270.17 506.08
269.41 506.5
268.52 507.01
C
265.84 508.56 L
266.21 508.56
266.64 508.55
267.12 508.54
C
266.88 509.06
266.73 509.61
266.66 510.2
C
266.58 510.78
266.48 511.38
266.36 511.99
C
267.37 511.41
268.68 510.59
270.31 509.55
C
269.91 509.34
269.38 509.17
268.7 509.02
C
268.88 508.69
269.04 508.3
269.16 507.85
C
269.67 507.98
270.29 508.17
271.02 508.4
C
271.75 508.63
272.46 508.87
273.14 509.12
C
272.9 509.64
272.72 510.07
272.59 510.41
C
272.29 510.26
271.93 510.12
271.53 509.98
C
270.69 510.51
269.7 511.16
268.55 511.93
C
267.4 512.7
266.47 513.41
265.75 514.04
C
265.42 513.75
265.01 513.47
264.53 513.21
C
264.97 512.84
265.26 512.19
265.4 511.25
C
265.53 510.3
265.51 509.5
265.35 508.84
C
264.62 509.26
263.78 509.77
262.82 510.37
C
262.23 509.34 L
263.14 508.86
264.19 508.28
265.36 507.61
C
264.87 507.13
264.42 506.77
264.01 506.52
C
264.41 506.19
264.72 505.85
264.95 505.5
C
272.11 511.27 M
272.38 511.92
272.69 512.55
273.04 513.17
C
274.69 516.02 L
274.9 516.39
275.15 516.49
275.43 516.33
C
275.92 516.05 L
275.97 515.85
275.97 515.65
275.9 515.45
C
275.84 515.24
275.65 514.88
275.35 514.34
C
275.92 514.4
276.43 514.35
276.88 514.19
C
277.19 515.21
277.33 515.89
277.29 516.24
C
277.25 516.58
277.08 516.84
276.79 517.01
C
275.64 517.67 L
274.95 518.07
274.4 517.93
274.01 517.24
C
271.89 513.58 L
271.54 512.97
271.21 512.44
270.89 511.97
C
272.11 511.27 L
267.73 513.96 M
267.77 514.31
267.93 514.74
268.2 515.27
C
268.47 515.79
268.74 516.38
268.99 517.05
C
269.24 517.71
269.43 518.47
269.57 519.31
C
269.7 520.16
269.66 521.1
269.46 522.14
C
269.06 521.94
268.54 521.92
267.87 522.09
C
268.16 521.27
268.31 520.55
268.32 519.91
C
268.34 519.28
268.26 518.67
268.08 518.09
C
267.91 517.51
267.67 516.92
267.35 516.32
C
267.04 515.72
266.67 515.11
266.25 514.49
C
266.85 514.3
267.34 514.12
267.73 513.96
C
269.76 512.54 M
269.94 513.03
270.24 513.65
270.66 514.38
C
272.24 517.11 L
272.54 517.64
272.94 518.29
273.42 519.04
C
272.27 519.71 L
271.86 518.91
271.5 518.25
271.19 517.71
C
269.62 514.98 L
269.15 514.17
268.79 513.59
268.54 513.24
C
269.76 512.54 L
285.06 494.61 M
285.6 495.65
286.23 496.78
286.93 498
C
290.69 504.51 L
291.44 505.81
292.19 507.06
292.94 508.26
C
291.78 508.93 L
291.43 508.32 L
281.2 514.23 L
281.58 514.89 L
280.43 515.56 L
279.74 514.27
279.01 512.96
278.24 511.63
C
274.51 505.17 L
273.81 503.96
273.14 502.85
272.52 501.85
C
285.06 494.61 L
290.86 507.34 M
284.43 496.2 L
274.2 502.11 L
280.63 513.24 L
290.86 507.34 L
282.75 498.47 M
282.96 498.94
283.2 499.42
283.48 499.9
C
283.74 500.35
284.04 500.81
284.36 501.27
C
278.64 504.58 L
278.37 504.02
278.1 503.53
277.85 503.08
C
277.59 502.63
277.31 502.2
277.02 501.77
C
282.75 498.47 L
285.41 501.96 M
285.7 502.56
285.91 502.98
286.05 503.22
C
286.54 504.07 L
286.65 504.27
286.92 504.68
287.34 505.31
C
286.18 505.98 L
284.77 503.54 L
280.39 506.07 L
281.93 508.75 L
280.78 509.42 L
280.49 508.83
280.3 508.45
280.21 508.29
C
279.47 507.02 L
279.33 506.77
279.08 506.38
278.71 505.83
C
285.41 501.96 L
283.68 505.15 M
284.15 506.45
284.35 507.61
284.27 508.63
C
284.18 509.66
283.37 510.85
281.83 512.22
C
281.58 511.88
281.2 511.6
280.68 511.36
C
282.09 510.43
282.86 509.49
282.98 508.52
C
283.1 507.55
282.9 506.57
282.37 505.58
C
282.82 505.49
283.25 505.35
283.68 505.15
C
284.96 506.52 M
285.88 506.53
287.24 506.55
289.06 506.59
C
289 507.06
288.98 507.53
288.98 508.02
C
288.26 507.9
286.91 507.81
284.93 507.76
C
284.96 507.42
284.96 507.01
284.96 506.52
C
282.74 500.98 M
282.17 500.01 L
278.64 502.05 L
279.2 503.02 L
282.74 500.98 L
296.05 496.47 M
296.32 495.93
296.45 495.27
296.44 494.5
C
296.42 493.72
296.34 492.87
296.18 491.92
C
295.56 492.28
294.91 492.69
294.2 493.16
C
293.53 491.99 L
294.33 491.59
295.16 491.14
296 490.65
C
295.85 489.82
295.59 488.94
295.22 488.02
C
295.81 487.83
296.42 487.67
297.05 487.52
C
297.08 488.7
297.13 489.51
297.22 489.95
C
300.02 488.33 L
300.75 487.91
301.41 487.5
302 487.1
C
302.67 488.26 L
302.08 488.55
301.41 488.9
300.68 489.32
C
297.4 491.22 L
297.48 492.04
297.58 493.47
297.68 495.53
C
300 494.19 L
299.57 493.46 L
299.34 493.06
299.06 492.62
298.75 492.15
C
300.09 491.38 L
300.3 491.85
300.5 492.25
300.68 492.57
C
301.21 493.49 L
302.19 492.93 L
302.88 492.53
303.54 492.12
304.17 491.7
C
304.8 492.79 L
304.16 493.11
303.5 493.47
302.82 493.86
C
301.78 494.46 L
303.14 496.83 L
304.79 495.88 L
305.53 495.46
306.18 495.05
306.77 494.67
C
307.43 495.82 L
306.8 496.13
306.15 496.49
305.45 496.89
C
303.75 497.87 L
304.48 499.15 L
304.81 499.72
305.18 500.3
305.57 500.88
C
304.23 501.65 L
303.92 501.03
303.63 500.49
303.37 500.04
C
302.53 498.58 L
300.46 499.77 L
299.77 500.17
299.09 500.59
298.42 501.02
C
297.75 499.87 L
298.47 499.51
299.17 499.13
299.86 498.73
C
301.93 497.54 L
300.59 495.22 L
299.82 495.66
299.19 496.06
298.68 496.4
C
298.18 496.75
297.74 497.12
297.36 497.5
C
296.72 496.95
296.28 496.61
296.05 496.47
C
292.46 490.82 M
292.81 493.11
293.16 494.94
293.52 496.31
C
294.74 496.85
295.6 497.32
296.11 497.73
C
296.62 498.14
296.98 498.58
297.2 499.05
C
297.41 499.52
297.4 500.04
297.17 500.61
C
296.93 501.18
296.58 501.71
296.1 502.2
C
295.66 501.8
295.2 501.45
294.74 501.12
C
295.47 500.7
295.85 500.32
295.87 499.99
C
295.89 499.65
295.74 499.29
295.41 498.91
C
295.08 498.53
294.7 498.19
294.26 497.9
C
293.82 497.61
293.24 497.35
292.52 497.12
C
292.06 495.01
291.67 493.55
291.37 492.75
C
289.79 493.67 L
296.75 505.74 L
295.54 506.44 L
294.95 505.31
294.33 504.2
293.7 503.1
C
289.59 495.98 L
289.05 495.04
288.52 494.18
288.01 493.39
C
292.46 490.82 L
313.43 487.49 M
306.48 491.49 L
305.92 490.52 L
312.86 486.51 L
313.43 487.49 L
320.28 486.86 M
315.6 489.57 L
315 488.53 L
315.82 478.56 L
316.74 478.03 L
320.85 485.15 L
322.31 484.31 L
322.91 485.35 L
321.45 486.19 L
322.78 488.51 L
321.62 489.18 L
320.28 486.86 L
319.68 485.82 M
316.91 481.02 L
316.27 487.79 L
319.68 485.82 L
cp
f
GR
GS
339.06 532.86 M
N
343.75 520.57 M
343.72 519.88
343.62 519.23
343.44 518.63
C
343.98 518.54
344.52 518.41
345.08 518.25
C
344.96 518.7
344.94 519.23
345.02 519.84
C
347.64 518.32 L
348.37 517.9
349.13 517.43
349.92 516.92
C
350.52 517.96 L
349.68 518.38
348.91 518.79
348.22 519.19
C
345.12 520.98 L
345.15 521.78
345.1 522.63
344.96 523.51
C
346.6 522.57 L
346.36 522.16
346.13 521.81
345.91 521.5
C
347.06 520.84 L
347.24 521.23
347.43 521.61
347.64 521.97
C
350.86 520.11 L
351.1 520.62
351.4 521.18
351.76 521.79
C
352.98 523.91 L
353.32 524.49
353.39 524.94
353.2 525.27
C
353.01 525.6
352.62 526.01
