%!PS-Adobe-3.0 EPSF-3.0
%%Creator: (MATLAB, The MathWorks, Inc. Version 25.2.0.3042426 R2025b Update 1. Operating System: Microsoft Windows 11 专业版)
%%Title: ./fig3_孔径扩展对比.eps
%%CreationDate: 2025-12-09T18:45:22
%%Pages: (atend)
%%BoundingBox:    0     0   554   362
%%LanguageLevel: 3
%%EndComments
/bd{bind def}bind def
/ld{load def}bd
/GR/grestore ld
/GS/gsave ld
/RM/rmoveto ld
/C/curveto ld
/t/show ld
/L/lineto ld
/RL/rlineto ld
/ML/setmiterlimit ld
/CT/concat ld
/f/fill ld
/N/newpath ld
/S/stroke ld
/CC/setcmykcolor ld
/A/ashow ld
/cp/closepath ld
/RC/setrgbcolor ld
/LJ/setlinejoin ld
/GC/setgray ld
/LW/setlinewidth ld
/LC/setlinecap ld
/LJ/setlinejoin ld
/SD/setdash ld
/M/moveto ld
/TX/translate ld
/R/rotate ld
/SC/scale ld

/CIRC {0 360 arc}bd
/F {exch findfont exch scalefont setfont}bd
/edef{ exch def } def
/scaleImg{ % width height outputDPI scaleImg
   /outputDPI edef
   /height edef
   /width edef
   /psDPI 72 def
   /sDPI psDPI outputDPI div def % DPI scale
   width sDPI mul % width * (psDPI / outputDPI)
   height sDPI mul
   scale
} def

% LineAttribute methods.linewidth linejoin linecap [dashpattern] dashOffset colorVal(s) <method>
/LAG {setgray setdash setlinecap setlinejoin setlinewidth} bd
/LAR {setrgbcolor setdash setlinecap setlinejoin setlinewidth} bd
/LAC {setcmykcolor setdash setlinecap setlinejoin setlinewidth} bd

% draw line impl
/DL { % VertexList NVerts StartPt DL
  N moveto { lineto } repeat stroke} def
% draw unfilled polyline impl
/DPL { % VertexList NVerts StartPt DPL
  N moveto { lineto } repeat closepath stroke} def
% draw filled polyline impl
/DPLF { % VertexList NVerts StartPt DPLF
  N moveto { lineto } repeat closepath fill } def
/DRL { % VertexList NVerts StartPt DRL
  N moveto { rlineto } repeat stroke} def
% draw unfilled polyline impl
/DRPL { % VertexList NVerts StartPt DRPL
  N moveto { rlineto } repeat closepath stroke} def
% draw filled polyline impl
/DRPLF { % VertexList NVerts StartPt DRPLF
  N moveto { rlineto } repeat closepath fill } def

%%Page: 1 1
%%PageBoundingBox:    0     0   554   362
%%BeginPageSetup
N
0 0 M
553.8 0 L
553.8 361.42 L
0 361.42 L
cp
clip
1.00 GC
0 361.42 553.8 361.42 553.8 0 3 0 0 DPLF
[   0.6 0 0  -0.6 0 361.423] CT
%%EndPageSetup
-95 -22.75 TX
1.00 LW
1018 47 1018 543 146 543 3 146 47 DPLF
0.83 2 0 [] 0 0.87 LAG
199.76 543 1 199.76 47 DL
308.97 543 1 308.97 47 DL
418.18 543 1 418.18 47 DL
527.4 543 1 527.4 47 DL
636.6 543 1 636.6 47 DL
745.82 543 1 745.82 47 DL
855.03 543 1 855.03 47 DL
964.24 543 1 964.24 47 DL
1018 543 1 146 543 DL
1018 472.14 1 146 472.14 DL
1018 401.29 1 146 401.29 DL
1018 330.43 1 146 330.43 DL
1018 259.57 1 146 259.57 DL
1018 188.71 1 146 188.71 DL
1018 117.86 1 146 117.86 DL
1018 47 1 146 47 DL
0.13 GC
GS
450 40.75 M
N
470.48 26.17 M
469.19 26.1
468.2 26.06
467.5 26.06
C
462.94 26.06 L
462.63 26.68
462.21 27.42
461.7 28.3
C
461.7 38.42 L
461.7 39.52
461.73 40.9
461.8 42.56
C
459.09 42.56 L
459.16 40.95
459.19 39.57
459.19 38.42
C
459.19 31.73 L
457.99 33.4
455.8 35.31
452.61 37.47
C
452.05 36.61
451.39 35.92
450.63 35.39
C
452.15 34.7
453.79 33.57
455.56 31.99
C
457.32 30.41
458.84 28.44
460.13 26.06
C
455.44 26.06 L
454.41 26.06
453.17 26.1
451.72 26.17
C
451.72 23.62 L
453.66 23.69
455.06 23.72
455.94 23.72
C
467.42 23.72 L
468.12 23.72
469.14 23.68
470.48 23.61
C
470.48 26.17 L
468.3 37.3 M
467.06 35.72
465 33.47
462.11 30.53
C
462.76 29.97
463.3 29.37
463.73 28.75
C
465.3 30.18
466.54 31.34
467.48 32.25
C
468.41 33.16
469.4 34.16
470.44 35.27
C
469.67 35.89
468.95 36.57
468.3 37.3
C
491.05 23.72 M
490.9 24.84
490.83 26.03
490.83 27.27
C
490.83 40.48 L
490.83 41.45
490.5 42.05
489.84 42.28
C
489.18 42.51
488.06 42.7
486.5 42.84
C
486.5 42.1
486.18 41.17
485.53 40.05
C
486.88 40.05
487.68 40.02
487.93 39.96
C
488.19 39.9
488.31 39.8
488.31 39.66
C
488.31 26.14 L
475.64 26.14 L
475.64 42.72 L
472.86 42.72 L
472.93 41.65
473 40.62
473.05 39.64
C
473.05 27.27 L
473.05 25.96
473.01 24.78
472.94 23.72
C
491.05 23.72 L
486.31 31.52 M
486.15 32.43
486.06 33.51
486.06 34.73
C
486.06 35.92
486.14 37.14
486.28 38.37
C
477.63 38.37 L
477.7 37.09
477.73 35.83
477.73 34.58
C
477.73 33.33
477.69 32.31
477.59 31.52
C
486.31 31.52 L
484.89 27.58 M
485.96 27.58
486.9 27.53
487.7 27.44
C
487.7 30.05 L
486.85 29.96
485.89 29.92
484.81 29.92
C
479.47 29.92 L
478.18 29.92
477.1 29.96
476.25 30.05
C
476.25 27.45 L
477.16 27.54
478.26 27.58
479.56 27.58
C
484.89 27.58 L
483.72 36.11 M
483.72 33.69 L
480.16 33.69 L
480.16 36.11 L
483.72 36.11 L
508.78 37.25 M
506.13 37.56
504.29 37.78
503.28 37.91
C
502.27 38.04
501.46 38.28
500.86 38.62
C
499.64 36.06 L
500.38 35.76
501.03 35.15
501.59 34.23
C
502.16 33.3
502.56 32.28
502.81 31.16
C
501.31 31.16
499.92 31.19
498.64 31.27
C
498.64 28.78 L
499.98 28.85
502.23 28.89
505.39 28.89
C
508.56 28.89
510.76 28.85
511.98 28.78
C
511.98 31.27 L
510.76 31.19
508.59 31.16
505.48 31.16
C
505.37 31.56
505.08 32.27
504.6 33.27
C
504.13 34.28
503.71 35.06
503.36 35.62
C
504.81 35.51
506.24 35.39
507.66 35.27
C
507.49 34.96
506.95 34.24
506.03 33.11
C
506.75 32.76
507.4 32.29
507.98 31.7
C
509.23 33.29
510.55 35.2
511.92 37.44
C
511.17 37.85
510.42 38.31
509.67 38.81
C
509.26 38.04
508.96 37.52
508.78 37.25
C
492.86 40.2 M
494.85 38.92
496.04 38.2
496.44 38.05
C
496.44 32.22 L
495.75 32.22
494.79 32.26
493.56 32.33
C
493.56 29.84 L
494.9 29.92
496.05 29.95
497.03 29.95
C
498.89 29.95 L
498.82 31.29
498.78 32.25
498.78 32.84
C
498.78 37.86 L
499.78 39.1
501.84 39.73
504.95 39.76
C
508.07 39.78
510.78 39.61
513.09 39.25
C
512.45 40.44
512.06 41.43
511.92 42.23
C
506.22 42.23 L
504.78 42.23
503.57 42.16
502.59 42.02
C
501.6 41.88
500.76 41.68
500.06 41.41
C
499.37 41.15
498.78 40.82
498.31 40.42
C
497.84 40.03
497.29 40.11
496.66 40.68
C
496.02 41.25
495.41 41.86
494.81 42.53
C
494.21 41.84
493.56 41.07
492.86 40.2
C
510.59 26.75 M
509.25 26.68
507.55 26.64
505.48 26.64
C
503.46 26.64
501.73 26.68
500.28 26.75
C
500.28 24.27 L
501.56 24.34
503.27 24.37
505.39 24.37
C
507.52 24.37
509.25 24.34
510.59 24.27
C
510.59 26.75 L
497.16 28.56 M
496.34 27.23
495.35 25.97
494.17 24.78
C
496 23.22 L
497.64 24.98
498.69 26.26
499.17 27.05
C
497.16 28.56 L
526.5 22.84 M
527.51 23.09
528.47 23.22
529.39 23.22
C
529.21 24.09
529.11 24.87
529.09 25.54
C
529.06 26.21
529.05 26.89
529.05 27.58
C
533.67 27.58 L
533.6 28.6
533.54 29.54
533.48 30.41
C
533.06 39.78 L
532.88 41.06
532.36 41.84
531.52 42.12
C
530.69 42.41
529.66 42.62
528.45 42.77
C
528.23 41.91
527.78 40.99
527.09 40
C
528.81 40.08
529.83 40.05
530.16 39.91
C
530.48 39.77
530.64 39.52
530.64 39.16
C
531.11 29.84 L
529.03 29.84 L
528.94 31.99
528.76 33.71
528.51 34.99
C
528.25 36.28
527.86 37.47
527.32 38.58
C
526.78 39.68
525.6 41.21
523.78 43.16
C
523.06 42.44
522.28 41.92
521.42 41.59
C
522.83 40.48
523.85 39.49
524.48 38.62
C
525.11 37.76
525.56 36.87
525.82 35.95
C
526.09 35.02
526.27 34.05
526.38 33.03
C
526.48 32.01
526.55 30.95
526.59 29.84
C
525.66 29.84 L
525.06 29.84
524.21 29.88
523.09 29.95
C
523.09 27.45 L
524.21 27.54
525.12 27.58
525.83 27.58
C
526.63 27.58 L
526.63 25.72 L
526.63 24.96
526.58 24
526.5 22.84
C
513.91 29.92 M
515.02 29.99
516.15 30.03
517.3 30.03
C
520.41 30.03 L
521.39 30.03
522.65 30
524.2 29.94
C
524.2 32.31 L
522.65 32.25
521.41 32.22
520.48 32.22
C
519.89 32.22 L
519.63 32.91
519.29 33.75
518.88 34.74
C
518.47 35.74
518.13 36.49
517.84 37
C
519.41 36.84
520.55 36.69
521.28 36.55
C
521.15 36.23
520.71 35.47
519.97 34.25
C
520.81 33.78
521.5 33.34
522.02 32.92
C
522.73 34.2
523.29 35.19
523.67 35.88
C
524.06 36.58
524.52 37.54
525.06 38.77
C
524.4 39.17
523.65 39.58
522.83 40
C
522.48 39.24
522.28 38.79
522.22 38.66
C
520.68 38.9
519.38 39.1
518.33 39.27
C
517.28 39.43
516.25 39.69
515.23 40.05
C
514.92 39.27
514.53 38.52
514.05 37.8
C
514.94 37.26
515.67 36.35
516.22 35.09
C
516.77 33.83
517.13 32.87
517.3 32.22
C
516.15 32.22
515.02 32.26
513.91 32.33
C
513.91 29.92 L
520 25.36 M
520.93 25.36
522.11 25.32
523.55 25.25
C
523.55 27.73 L
522.11 27.66
520.93 27.62
520 27.62
C
518.03 27.62 L
517.17 27.62
516.17 27.66
515.05 27.73
C
515.05 25.25 L
516.12 25.32
517.09 25.36
517.95 25.36
C
520 25.36 L
553.63 27.81 M
553.54 28.72
553.5 29.91
553.5 31.37
C
553.5 32.83
553.54 34.07
553.61 35.09
C
549.19 35.09 L
549.16 35.43
549.13 35.71
549.11 35.94
C
551.58 35.94 L
552.71 35.94
553.73 35.9
554.64 35.81
C
554.64 38.08 L
553.68 37.99
552.66 37.95
551.58 37.95
C
550.77 37.95 L
551.18 38.48
551.77 39
552.52 39.49
C
553.27 39.99
554.34 40.41
555.75 40.77
C
554.84 41.47
554.21 42.19
553.84 42.92
C
552.28 42.31
551.03 41.52
550.09 40.55
C
549.14 39.58
548.55 38.78
548.3 38.16
C
548.55 38.16 L
548.12 39.18
547.38 40.08
546.32 40.85
C
545.26 41.63
543.94 42.31
542.34 42.91
C
541.98 42.19
541.32 41.46
540.38 40.72
C
542.38 40.33
543.81 39.86
544.68 39.3
C
545.55 38.75
546.05 38.3
546.17 37.95
C
545.34 37.95 L
544.21 37.95
543.05 37.99
541.88 38.08
C
541.88 35.83 L
543.05 35.9
544.23 35.94
545.42 35.94
C
546.78 35.94 L
546.84 35.6
546.88 35.32
546.88 35.09
C
542.98 35.09 L
543.07 34.02
543.11 32.81
543.11 31.45
C
543.11 30.05
543.07 28.83
542.98 27.81
C
553.63 27.81 L
541.42 35.59 M
540.94 34.56
540.59 33.87
540.38 33.53
C
540.38 39.33 L
540.38 40.63
540.42 41.71
540.5 42.56
C
537.81 42.56 L
537.9 41.66
537.94 40.64
537.94 39.5
C
538.38 33.02 L
538.48 33.62
538.35 34.24
537.99 34.88
C
537.63 35.52
537.12 36.47
536.45 37.72
C
535.89 36.87
535.2 36.21
534.39 35.72
C
535.48 34.62
536.3 33.44
536.83 32.17
C
537.36 30.9
537.67 30.02
537.77 29.52
C
537.55 29.52 L
537.02 29.52
536.27 29.55
535.31 29.62
C
535.31 27.28 L
536.22 27.36
536.83 27.41
537.14 27.41
C
537.94 27.41 L
537.94 26.05 L
537.94 25.12
537.9 24.1
537.83 22.98
C
540.48 22.98 L
540.41 23.99
540.38 24.93
540.38 25.8
C
540.38 27.41 L
540.95 27.41
541.71 27.36
542.67 27.28
C
542.67 29.62 L
541.65 29.55
540.89 29.52
540.38 29.52
C
540.31 31.2 L
540.29 31.17
540.57 30.97
541.14 30.59
C
541.62 31.4
542.01 32.01
542.31 32.45
C
542.62 32.88
542.98 33.44
543.41 34.12
C
542.69 34.6
542.03 35.09
541.42 35.59
C
545.08 26.64 M
544.86 26.64 L
543.83 26.64
542.86 26.68
541.95 26.77
C
541.95 24.5 L
542.86 24.58
543.8 24.62
544.77 24.62
C
545.08 24.62 L
545.08 24.17
545.03 23.54
544.94 22.73
C
547.47 22.73 L
547.39 23.54
547.34 24.17
547.34 24.62
C
548.94 24.62 L
548.94 24.22
548.89 23.61
548.8 22.81
C
551.41 22.81 L
551.32 23.72
551.28 24.32
551.28 24.62
C
552.08 24.62 L
552.66 24.62
553.43 24.58
554.39 24.5
C
554.39 26.77 L
553.43 26.68
552.66 26.64
552.08 26.64
C
551.28 26.64 L
551.28 28.11 L
548.94 28.11 L
548.94 26.64 L
547.34 26.64 L
547.34 28.03 L
545.08 28.03 L
545.08 26.64 L
551.31 33.06 M
551.31 32.47 L
545.38 32.47 L
545.38 33.06 L
551.31 33.06 L
551.31 30.44 M
551.31 29.84 L
545.38 29.84 L
545.38 30.44 L
551.31 30.44 L
565.8 27.08 M
565.71 25.47
565.63 23.99
565.55 22.64
C
566.22 22.76
567.28 22.85
568.72 22.92
C
568.52 23.62
568.45 25.01
568.5 27.08
C
571.34 27.08 L
572.38 27.08
573.59 27.04
574.98 26.97
C
574.98 29.53 L
573.7 29.46
572.52 29.42
571.44 29.42
C
568.64 29.42 L
568.77 30.51
568.98 31.65
569.27 32.86
C
569.57 34.07
569.96 35.2
570.43 36.27
C
570.9 37.33
571.44 38.17
572.02 38.8
C
572.61 39.42
572.96 39.5
573.06 39.02
C
573.15 38.55
573.16 37.62
573.06 36.25
C
574.03 37.01
575.05 37.59
576.11 37.98
C
575.65 40.77
574.97 42.26
574.08 42.45
C
573.18 42.65
572.33 42.46
571.52 41.89
C
570.7 41.32
569.96 40.52
569.27 39.5
C
568.59 38.48
568.04 37.37
567.62 36.16
C
567.2 34.96
566.85 33.72
566.57 32.45
C
566.29 31.18
566.12 30.17
566.03 29.42
C
560.44 29.42 L
558.87 29.42
557.44 29.46
556.16 29.53
C
556.16 26.97 L
557.49 27.04
558.89 27.08
560.36 27.08
C
565.8 27.08 L
562.81 31.42 M
563.84 31.42
564.97 31.39
566.2 31.31
C
566.2 33.8 L
564.92 33.72
563.89 33.69
563.09 33.69
C
563.09 37.87 L
563.88 37.69
565.19 37.35
567.03 36.87
C
567.03 39.28 L
564.84 39.71
563.18 40.1
562.05 40.45
C
560.91 40.79
559.4 41.35
557.5 42.11
C
556.28 39.19 L
557.31 39.1
558.75 38.87
560.58 38.48
C
560.58 33.69 L
559.3 33.69
558.2 33.73
557.3 33.81
C
557.3 31.3 L
558.2 31.38
559.2 31.42
560.28 31.42
C
562.81 31.42 L
570.92 23.08 M
572.14 24.42
573.09 25.53
573.78 26.39
C
573.18 26.63
572.38 27.11
571.38 27.83
C
570.85 26.92
570 25.87
568.81 24.69
C
569.34 24.26
570.05 23.72
570.92 23.08
C
592.84 24.45 M
593.88 24.45
595.09 24.42
596.48 24.34
C
596.48 26.98 L
594.98 26.92
593.77 26.89
592.84 26.89
C
587.63 26.89 L
587.63 39.08 L
587.63 39.79
587.66 40.84
587.72 42.23
C
584.92 42.23 L
585 40.94
585.03 39.89
585.03 39.08
C
585.03 26.89 L
580.95 26.89 L
579.86 26.89
578.65 26.92
577.31 26.98
C
577.31 24.34 L
578.65 24.42
579.86 24.45
580.95 24.45
C
592.84 24.45 L
595.64 35.78 M
594.85 36.34
594.13 36.99
593.47 37.72
C
592.4 36.31
590.5 34.36
587.78 31.87
C
589.61 30.05 L
591.31 31.42
593.32 33.33
595.64 35.78
C
605 23.69 M
604.55 24.49
604.14 25.57
603.75 26.92
C
607.33 26.92 L
607.26 28.15
607.22 29.47
607.22 30.87
C
607.22 38.09 L
607.22 38.92
607.26 40.24
607.33 42.06
C
604.8 42.06 L
604.8 40.42 L
601.48 40.42 L
601.48 42.23 L
598.95 42.23 L
599.02 40.18
599.05 38.94
599.05 38.52
C
599.05 30.97 L
599.05 29.5
599.01 28.15
598.94 26.92
C
601.44 26.92 L
601.66 25.9
601.87 24.53
602.08 22.81
C
603.17 23.21
604.15 23.5
605 23.69
C
616.98 30.23 M
616.93 33.58
616.8 36.76
616.58 39.78
C
616.44 40.95
615.86 41.71
614.83 42.08
C
613.8 42.44
612.54 42.7
611.06 42.84
C
610.99 42.02
610.59 41.07
609.88 40
C
611.52 40.08
612.61 40.08
613.14 39.98
C
613.67 39.89
614 39.7
614.13 39.41
C
614.25 39.13
614.35 38.07
614.44 36.23
C
614.52 34.4
614.58 31.97
614.63 28.94
C
610.61 28.94 L
610.23 29.81
609.54 31.14
608.52 32.91
C
607.91 32.29
607.19 31.82
606.34 31.48
C
607.04 30.55
607.6 29.62
608.03 28.72
C
608.46 27.81
608.83 26.83
609.16 25.76
C
609.48 24.69
609.68 23.67
609.77 22.69
C
610.89 23.17
611.9 23.54
612.8 23.81
C
612.34 24.55
612.02 25.18
611.83 25.69
C
611.64 26.2
611.53 26.5
611.48 26.59
C
617.09 26.59 L
617.02 28.03
616.98 29.24
616.98 30.23
C
604.8 38.16 M
604.8 34.67 L
601.48 34.67 L
601.48 38.16 L
604.8 38.16 L
604.8 32.41 M
604.8 29.19 L
601.48 29.19 L
601.48 32.41 L
604.8 32.41 L
612.09 33.39 M
612.43 34.06
612.88 35.05
613.44 36.36
C
612.8 36.63
612.02 37.04
611.08 37.59
C
610.58 36.24
610.17 35.2
609.84 34.48
C
609.52 33.75
609.12 33.03
608.63 32.3
C
609.28 31.92
610.05 31.49
610.92 31.02
C
612.09 33.39 L
629.42 33.23 M
627.29 33.91
626.04 34.32
625.69 34.45
C
625.69 39.58 L
625.63 40.91
625.26 41.74
624.58 42.06
C
623.9 42.39
622.94 42.62
621.69 42.77
C
621.49 41.52
621.12 40.49
620.58 39.69
C
622.02 39.85
622.81 39.88
622.95 39.77
C
623.1 39.66
623.17 39.43
623.17 39.08
C
623.17 35.44 L
622.47 35.68
621.47 36.1
620.17 36.72
C
619.8 35.81
619.31 34.92
618.7 34.05
C
621.29 33.4
622.78 33.01
623.17 32.87
C
623.17 29.14 L
623.69 28.61
624.23 28.1
624.77 27.61
C
625.32 27.12
625.67 26.8
625.81 26.64
C
622.38 26.64 L
621.73 26.64
620.79 26.68
619.56 26.75
C
619.56 24.19 L
620.79 24.26
621.73 24.3
622.38 24.3
C
630.19 24.3 L
630.19 26.45 L
629.2 27.07
628.34 27.66
627.62 28.22
C
626.89 28.78
626.25 29.4
625.69 30.06
C
625.69 32.09 L
625.84 32.05
627.09 31.59
629.44 30.72
C
629.34 31.75
629.34 32.59
629.42 33.23
C
633.33 22.81 M
633.27 24.16
633.23 25.51
633.23 26.86
C
633.23 38.69 L
633.18 39.32
633.23 39.71
633.38 39.84
C
633.53 39.98
633.96 40.05
634.67 40.05
C
635.36 40.05
635.76 39.89
635.88 39.59
C
636 39.28
636.15 38.55
636.33 37.39
C
637.12 37.98
638.03 38.45
639.06 38.8
C
638.64 40.42
638.16 41.43
637.65 41.81
C
637.13 42.2
636.58 42.39
635.98 42.39
C
633.03 42.39 L
631.42 42.39
630.65 41.56
630.72 39.89
C
630.72 26.86 L
630.72 25.88
630.68 24.53
630.61 22.81
C
633.33 22.81 L
654.86 33.72 M
656.21 33.72
657.43 33.68
658.5 33.61
C
658.5 36.11 L
657.48 36.03
656.29 35.98
654.94 35.98
C
654.14 35.98 L
654.14 39.55 L
657.06 39.55 L
659.81 39.36 L
659.81 41.94 L
658.74 41.85
657.83 41.81
657.08 41.81
C
648.95 41.81 L
647.97 41.81
646.93 41.85
645.81 41.92
C
645.81 39.44 L
646.93 39.51
647.97 39.55
648.95 39.55
C
651.72 39.55 L
651.72 35.98 L
651.08 35.98 L
650.11 35.98
648.9 36.02
647.45 36.09
C
647.45 33.62 L
648.9 33.69
650.11 33.72
651.08 33.72
C
654.86 33.72 L
658.67 24.45 M
657.9 25.73
657.25 26.7
656.72 27.34
C
656.19 27.98
655.72 28.52
655.31 28.97
C
656.87 29.83
658.43 30.81
660 31.91
C
659.24 32.57
658.61 33.2
658.11 33.78
C
656.05 32.15
654.54 31.05
653.58 30.5
C
652.84 31.05
652.08 31.55
651.31 31.99
C
650.53 32.43
649.26 33.11
647.5 34.03
C
647.24 33.42
646.64 32.68
645.7 31.83
C
647.47 31.31
649.17 30.55
650.8 29.57
C
652.42 28.59
653.58 27.61
654.27 26.64
C
650.84 26.64 L
649.87 26.64
648.79 26.68
647.61 26.75
C
647.61 24.34 L
648.73 24.42
649.78 24.45
650.75 24.45
C
658.67 24.45 L
648.5 28.45 M
647.71 29.17
646.72 30.3
645.53 31.84
C
645.53 38.42 L
645.53 39.57
645.57 41
645.64 42.72
C
643.08 42.72 L
643.15 41
643.19 39.54
643.19 38.34
C
643.19 34.27 L
642.91 34.53
642.3 35.05
641.36 35.84
C
640.85 35.25
640.28 34.64
639.66 34
C
641.18 33.01
642.46 31.91
643.5 30.71
C
644.54 29.51
645.44 28.16
646.19 26.66
C
646.9 27.27
647.67 27.87
648.5 28.45
C
647.56 24.31 M
646.96 25
646.15 25.9
645.13 27
C
644.1 28.1
643.02 29.17
641.86 30.19
C
641.36 29.6
640.71 29.01
639.92 28.39
C
641.21 27.53
642.27 26.66
643.09 25.78
C
643.92 24.91
644.69 23.86
645.41 22.66
C
646.09 23.26
646.81 23.81
647.56 24.31
C
661.78 36.59 M
661.54 35.65
661.08 34.7
660.39 33.75
C
662 33.52
663.29 33.23
664.27 32.87
C
664.27 29.52 L
663.43 29.52
662.45 29.59
661.31 29.73
C
661.31 27.22 L
662.38 27.29
663.36 27.33
664.27 27.33
C
664.27 25.93
664.23 24.45
664.17 22.89
C
666.89 22.89 L
666.82 24.23
666.78 25.71
666.78 27.33
C
667.03 27.33
667.74 27.29
668.91 27.22
C
668.91 29.62 L
667.74 29.55
667.03 29.52
666.78 29.52
C
666.78 32.02 L
666.88 31.97
667.53 31.75
668.75 31.34
C
668.75 32.16
668.83 32.97
669 33.8
C
668.29 33.89
667.55 34.1
666.78 34.44
C
666.78 39.92 L
666.72 40.96
666.44 41.62
665.93 41.89
C
665.43 42.16
664.3 42.44
662.55 42.72
C
662.55 41.9
662.26 40.91
661.67 39.75
C
663.19 39.83
664.01 39.87
664.11 39.86
C
664.21 39.85
664.27 39.73
664.27 39.5
C
664.27 35.37 L
664.13 35.44
663.3 35.84
661.78 36.59
C
669.55 43.14 M
669.01 42.6
668.09 42.1
666.8 41.66
C
667.78 40.6
668.44 39.67
668.77 38.86
C
669.11 38.05
669.38 37.22
669.56 36.37
C
669.75 35.52
669.86 34.23
669.88 32.5
C
669.91 30.77
669.86 28.58
669.73 25.94
C
677.42 25.94 L
678.56 25.94
679.77 25.9
681.05 25.83
C
681.05 28.31 L
679.77 28.24
678.56 28.2
677.42 28.2
C
672.36 28.2 L
672.36 32.81
672.28 35.54
672.11 36.41
C
671.94 37.27
671.71 38.24
671.4 39.3
C
671.09 40.37
670.47 41.65
669.55 43.14
C
675.53 22.59 M
676.38 23.96
677.07 25.01
677.61 25.73
C
676.61 26.15
675.73 26.53
674.98 26.86
C
674.6 26.03
673.95 24.97
673.05 23.7
C
673.92 23.36
674.75 22.99
675.53 22.59
C
699.78 23.47 M
699.71 24.59
699.67 25.53
699.67 26.28
C
699.67 27.04
699.71 27.95
699.78 29.02
C
696.23 29.02 L
696.23 30.11 L
697.19 30.11 L
697.72 30.11
698.52 30.07
699.59 30
C
699.59 32.41 L
698.37 32.33
697.59 32.3
697.27 32.3
C
696.23 32.3 L
696.23 33.39 L
698.75 33.39 L
699.23 33.39
700.06 33.35
701.23 33.28
C
701.23 35.69 L
700.06 35.61
699.26 35.58
698.83 35.58
C
694.25 35.58 L
694.49 36.43
694.94 37.13
695.59 37.67
C
696.26 36.96
696.94 36.02
697.63 34.83
C
698.31 35.34
699.16 35.87
700.17 36.42
C
699.31 36.99
698.34 37.86
697.28 39.02
C
698.21 39.66
699.85 40.16
702.2 40.52
C
701.35 41.27
700.75 42.06
700.39 42.91
C
698.58 42.32
697.18 41.75
696.18 41.18
C
695.19 40.61
694.31 39.87
693.56 38.95
C
692.81 38.02
692.25 36.9
691.86 35.58
C
690.41 35.58 L
690.41 39.06 L
691.09 38.68
691.81 38.16
692.56 37.52
C
692.75 38.58
693.01 39.47
693.33 40.19
C
692.77 40.47
692.1 40.85
691.32 41.34
C
690.54 41.82
689.74 42.44
688.91 43.19
C
688.34 42.37
687.82 41.69
687.34 41.12
C
687.82 40.58
688.06 39.98
688.06 39.33
C
688.06 35.58 L
686.27 35.58 L
686.12 37.05
685.84 38.43
685.41 39.72
C
684.99 41.01
684.49 42.11
683.91 43.03
C
683.24 42.45
682.57 41.99
681.91 41.66
C
682.52 40.49
682.98 39.43
683.27 38.47
C
683.57 37.51
683.77 36.49
683.88 35.42
C
683.98 34.35
684.02 33.15
683.99 31.81
C
683.97 30.48
683.95 29.32
683.95 28.34
C
683.95 27.3
683.92 25.68
683.86 23.47
C
699.78 23.47 L
697.33 26.83 M
697.33 25.73 L
686.3 25.73 L
686.3 26.83 L
697.33 26.83 L
689.2 33.39 M
689.2 32.3 L
688.81 32.3 L
688.33 32.3
687.51 32.33
686.33 32.41
C
686.33 30 L
687.51 30.07
688.33 30.11
688.81 30.11
C
689.2 30.11 L
689.2 29.02 L
686.3 29.02 L
686.3 33.39 L
689.2 33.39 L
693.88 30.11 M
693.88 29.02 L
691.55 29.02 L
691.55 30.11 L
693.88 30.11 L
693.88 33.39 M
693.88 32.3 L
691.55 32.3 L
691.55 33.39 L
693.88 33.39 L
cp
f
GR
1018 543 1 146 543 DL
0.20 GC
172.88 518.2 172.88 543 159.44 543 3 159.44 518.2 DPLF
282.09 532.98 282.09 543 268.65 543 3 268.65 532.98 DPLF
391.3 531.8 391.3 543 377.86 543 3 377.86 531.8 DPLF
500.51 527.97 500.51 543 487.07 543 3 487.07 527.97 DPLF
609.72 522.96 609.72 543 596.28 543 3 596.28 522.96 DPLF
718.93 522.96 718.93 543 705.49 543 3 705.49 522.96 DPLF
828.14 522.96 828.14 543 814.7 543 3 814.7 522.96 DPLF
937.35 518.65 937.35 543 923.91 543 3 923.91 518.65 DPLF
0.83 0 0 [] 0 0.13 LAG
172.88 543 172.88 518.2 159.44 518.2 3 159.44 543 DPL
282.09 543 282.09 532.98 268.65 532.98 3 268.65 543 DPL
391.3 543 391.3 531.8 377.86 531.8 3 377.86 543 DPL
500.51 543 500.51 527.97 487.07 527.97 3 487.07 543 DPL
609.72 543 609.72 522.96 596.28 522.96 3 596.28 543 DPL
718.93 543 718.93 522.96 705.49 522.96 3 705.49 543 DPL
828.14 543 828.14 522.96 814.7 522.96 3 814.7 543 DPL
937.35 543 937.35 518.65 923.91 518.65 3 923.91 543 DPL
0.85 0.33 0.10 RC
189.68 163.67 189.68 543 176.24 543 3 176.24 163.67 DPLF
298.89 181.31 298.89 543 285.45 543 3 285.45 181.31 DPLF
408.1 177.82 408.1 543 394.66 543 3 394.66 177.82 DPLF
517.31 177.69 517.31 543 503.87 543 3 503.87 177.69 DPLF
626.52 174.03 626.52 543 613.08 543 3 613.08 174.03 DPLF
735.73 174.03 735.73 543 722.29 543 3 722.29 174.03 DPLF
844.94 174.03 844.94 543 831.5 543 3 831.5 174.03 DPLF
954.15 169.72 954.15 543 940.71 543 3 940.71 169.72 DPLF
0.83 0 0 [] 0 0.13 LAG
189.68 543 189.68 163.67 176.24 163.67 3 176.24 543 DPL
298.89 543 298.89 181.31 285.45 181.31 3 285.45 543 DPL
408.1 543 408.1 177.82 394.66 177.82 3 394.66 543 DPL
517.31 543 517.31 177.69 503.87 177.69 3 503.87 543 DPL
626.52 543 626.52 174.03 613.08 174.03 3 613.08 543 DPL
735.73 543 735.73 174.03 722.29 174.03 3 722.29 543 DPL
844.94 543 844.94 174.03 831.5 174.03 3 831.5 543 DPL
954.15 543 954.15 169.72 940.71 169.72 3 940.71 543 DPL
0.00 0.45 0.74 RC
206.49 187.6 206.49 543 193.04 543 3 193.04 187.6 DPLF
315.7 181.31 315.7 543 302.25 543 3 302.25 181.31 DPLF
424.91 184.77 424.91 543 411.46 543 3 411.46 184.77 DPLF
534.12 177.69 534.12 543 520.67 543 3 520.67 177.69 DPLF
643.33 174.03 643.33 543 629.88 543 3 629.88 174.03 DPLF
752.54 174.03 752.54 543 739.09 543 3 739.09 174.03 DPLF
861.75 174.03 861.75 543 848.3 543 3 848.3 174.03 DPLF
970.96 172.07 970.96 543 957.51 543 3 957.51 172.07 DPLF
0.83 0 0 [] 0 0.13 LAG
206.49 543 206.49 187.6 193.04 187.6 3 193.04 543 DPL
315.7 543 315.7 181.31 302.25 181.31 3 302.25 543 DPL
424.91 543 424.91 184.77 411.46 184.77 3 411.46 543 DPL
534.12 543 534.12 177.69 520.67 177.69 3 520.67 543 DPL
643.33 543 643.33 174.03 629.88 174.03 3 629.88 543 DPL
752.54 543 752.54 174.03 739.09 174.03 3 739.09 543 DPL
861.75 543 861.75 174.03 848.3 174.03 3 848.3 543 DPL
970.96 543 970.96 172.07 957.51 172.07 3 957.51 543 DPL
0.47 0.67 0.19 RC
223.29 507.93 223.29 543 209.85 543 3 209.85 507.93 DPLF
332.5 525.64 332.5 543 319.06 543 3 319.06 525.64 DPLF
441.71 524.93 441.71 543 428.27 543 3 428.27 524.93 DPLF
550.92 519.23 550.92 543 537.48 543 3 537.48 519.23 DPLF
660.13 510.53 660.13 543 646.69 543 3 646.69 510.53 DPLF
769.34 512.94 769.34 543 755.9 543 3 755.9 512.94 DPLF
878.55 522.96 878.55 543 865.11 543 3 865.11 522.96 DPLF
987.76 512.94 987.76 543 974.32 543 3 974.32 512.94 DPLF
0.83 0 0 [] 0 0.13 LAG
223.29 543 223.29 507.93 209.85 507.93 3 209.85 543 DPL
332.5 543 332.5 525.64 319.06 525.64 3 319.06 543 DPL
441.71 543 441.71 524.93 428.27 524.93 3 428.27 543 DPL
550.92 543 550.92 519.23 537.48 519.23 3 537.48 543 DPL
660.13 543 660.13 510.53 646.69 510.53 3 646.69 543 DPL
769.34 543 769.34 512.94 755.9 512.94 3 755.9 543 DPL
878.55 543 878.55 522.96 865.11 522.96 3 865.11 543 DPL
987.76 543 987.76 512.94 974.32 512.94 3 974.32 543 DPL
0.49 0.18 0.56 RC
240.09 187.6 240.09 543 226.65 543 3 226.65 187.6 DPLF
349.3 181.11 349.3 543 335.86 543 3 335.86 181.11 DPLF
458.51 184.65 458.51 543 445.07 543 3 445.07 184.65 DPLF
567.72 177.22 567.72 543 554.28 543 3 554.28 177.22 DPLF
676.93 173.21 676.93 543 663.49 543 3 663.49 173.21 DPLF
786.14 166.61 786.14 543 772.7 543 3 772.7 166.61 DPLF
895.35 174.03 895.35 543 881.91 543 3 881.91 174.03 DPLF
1004.56 173.34 1004.56 543 991.12 543 3 991.12 173.34 DPLF
0.83 0 0 [] 0 0.13 LAG
240.09 543 240.09 187.6 226.65 187.6 3 226.65 543 DPL
349.3 543 349.3 181.11 335.86 181.11 3 335.86 543 DPL
458.51 543 458.51 184.65 445.07 184.65 3 445.07 543 DPL
567.72 543 567.72 177.22 554.28 177.22 3 554.28 543 DPL
676.93 543 676.93 173.21 663.49 173.21 3 663.49 543 DPL
786.14 543 786.14 166.61 772.7 166.61 3 772.7 543 DPL
895.35 543 895.35 174.03 881.91 174.03 3 881.91 543 DPL
1004.56 543 1004.56 173.34 991.12 173.34 3 991.12 543 DPL
GS
540 623.12 M
N
547.42 614.92 M
548.17 614.45
548.74 613.86
549.13 613.14
C
549.52 612.42
549.83 611.76
550.05 611.17
C
549.67 611.17
548.88 611.2
547.66 611.26
C
547.66 608.9 L
548.93 608.98
550.01 609.01
550.91 609.01
C
551.15 608.33
551.36 607.31
551.55 605.95
C
552.54 606.18
553.54 606.44
554.55 606.75
C
553.77 608.17
553.36 608.93
553.34 609.01
C
556.36 609.01 L
557.29 609.01
558.28 608.98
559.34 608.9
C
559.34 611.28 L
558.33 611.2
557.36 611.17
556.44 611.17
C
552.48 611.17 L
552.19 611.85
551.63 613
550.78 614.64
C
552.66 614.64 L
552.66 614.11 L
552.66 613.6
552.62 612.89
552.55 611.98
C
555.17 611.98 L
555.09 612.85
555.05 613.48
555.05 613.87
C
555.05 614.64 L
555.89 614.64 L
556.77 614.64
557.76 614.6
558.88 614.53
C
558.88 616.82 L
557.81 616.75
556.84 616.71
555.97 616.71
C
555.05 616.71 L
555.05 618.93 L
556.75 618.93 L
557.68 618.93
558.67 618.9
559.73 618.82
C
559.73 621.2 L
558.67 621.13
557.7 621.09
556.83 621.09
C
555.05 621.09 L
555.05 622.31 L
555.05 623.04
555.08 623.93
555.16 625
C
552.55 625 L
552.62 623.93
552.66 623.12
552.66 622.54
C
552.66 621.09 L
550.42 621.09 L
549.54 621.09
548.51 621.13
547.34 621.2
C
547.34 618.82 L
548.51 618.9
549.54 618.93
550.42 618.93
C
552.66 618.93 L
552.66 616.79 L
551.96 616.79
551.28 616.82
550.62 616.87
C
549.96 616.92
549.23 617.06
548.44 617.28
C
548.04 616.17
547.7 615.39
547.42 614.92
C
548.3 607.21 M
547.21 609.98
546.48 612.04
546.11 613.4
C
546.93 614.52
547.48 615.44
547.77 616.17
C
548.05 616.9
548.16 617.59
548.09 618.25
C
548.03 618.92
547.69 619.48
547.08 619.96
C
546.46 620.43
545.64 620.81
544.59 621.11
C
544.31 620.24
543.95 619.33
543.52 618.39
C
544.73 618.39
545.41 618.29
545.55 618.08
C
545.68 617.88
545.71 617.54
545.62 617.07
C
545.53 616.59
545.36 616.11
545.12 615.63
C
544.87 615.14
544.43 614.54
543.78 613.82
C
544.55 611.4
544.98 609.89
545.08 609.29
C
543.95 609.29 L
543.95 624.76 L
541.55 624.76 L
541.61 623.07
541.64 621.53
541.64 620.12
C
541.64 610.98 L
541.64 609.79
541.61 608.54
541.55 607.21
C
548.3 607.21 L
569.64 607.29 M
570.83 607.29
571.88 607.25
572.78 607.17
C
572.78 609.4 L
571.88 609.33
570.67 609.29
569.17 609.29
C
567.41 609.29 L
567.34 609.7
567.19 610.39
566.95 611.36
C
571.59 611.36 L
571.29 613.77
570.93 615.66
570.5 617.02
C
570.07 618.38
569.51 619.56
568.81 620.56
C
568.1 621.56
567.32 622.39
566.47 623.06
C
565.61 623.73
564.52 624.5
563.19 625.39
C
562.64 624.56
561.95 623.78
561.14 623.04
C
562.86 622.31
564.14 621.64
564.99 621.01
C
565.84 620.39
566.48 619.7
566.91 618.96
C
566.78 618.86
566.47 618.6
565.98 618.18
C
565.48 617.77
564.89 617.29
564.19 616.75
C
565.83 614.89 L
566.41 615.3
566.89 615.68
567.26 616.03
C
567.63 616.37
567.9 616.63
568.08 616.81
C
568.22 616.43
568.39 615.93
568.56 615.29
C
568.74 614.66
568.86 614.04
568.94 613.43
C
566.25 613.43 L
565.95 614.21
565.53 615.05
564.99 615.93
C
564.46 616.82
563.74 617.67
562.84 618.5
C
562.31 618.04
561.62 617.54
560.77 617
C
561.57 616.19
562.2 615.45
562.65 614.77
C
563.1 614.09
563.48 613.42
563.78 612.77
C
564.08 612.12
564.31 611.46
564.46 610.8
C
564.61 610.14
564.72 609.64
564.78 609.29
C
563.86 609.29 L
562.78 609.29
561.88 609.34
561.17 609.43
C
561.17 607.15 L
561.88 607.25
562.8 607.29
563.94 607.29
C
569.64 607.29 L
579.56 606.51 M
579.42 607.58
579.34 608.55
579.34 609.42
C
579.34 622.54 L
579.34 623.38
579.1 623.95
578.63 624.27
C
578.15 624.59
577.07 624.88
575.41 625.14
C
575.2 624.14
574.78 623.15
574.16 622.17
C
575.71 622.25
576.56 622.28
576.72 622.25
C
576.88 622.21
576.95 622.03
576.95 621.68
C
576.95 609.42 L
576.95 608.6
576.92 607.63
576.84 606.51
C
579.56 606.51 L
575.67 608.86 M
575.52 609.78
575.44 610.8
575.44 611.92
C
575.44 617.54 L
575.44 618.47
575.47 619.44
575.55 620.46
C
572.75 620.46 L
572.9 619.43
572.97 618.46
572.97 617.54
C
572.97 611.61 L
572.97 610.74
572.9 609.82
572.75 608.86
C
575.67 608.86 L
583.91 610.34 M
583.91 608.82 L
583 608.82
581.98 608.86
580.86 608.93
C
580.86 606.56 L
582.03 606.63
583.7 606.67
585.89 606.67
C
588.07 606.67
589.82 606.63
591.14 606.56
C
591.14 608.93 L
590.18 608.86
589.27 608.82
588.41 608.82
C
588.41 610.34 L
591.08 610.34 L
591.02 612.34
590.98 614.69
590.98 617.39
C
590.98 620.1
591.02 622.53
591.08 624.68
C
588.75 624.68 L
588.75 623.28 L
583.56 623.28 L
583.56 624.92 L
581.31 624.92 L
581.38 622.97
581.41 620.43
581.41 617.31
C
581.41 614.14
581.38 611.82
581.31 610.34
C
583.91 610.34 L
591.09 606.5 M
592.63 606.56
593.81 606.59
594.64 606.59
C
598.91 606.59 L
598.83 607.86
598.8 609.35
598.8 611.06
C
598.8 612.73
598.83 614.17
598.91 615.39
C
593.88 615.39 L
593.88 622 L
593.88 622.4
594.08 622.61
594.48 622.61
C
596.98 622.61 L
597.18 622.61
597.33 622.43
597.43 622.08
C
597.53 621.73
597.58 620.92
597.58 619.65
C
598.5 620.38
599.38 620.82
600.23 620.96
C
599.78 622.6
599.4 623.64
599.12 624.09
C
598.83 624.54
598.25 624.76
597.38 624.76
C
593.47 624.76 L
592.25 624.76
591.64 624
591.64 622.46
C
591.64 616.21 L
591.64 615.5
591.61 614.53
591.55 613.31
C
596.48 613.31 L
596.48 608.75 L
594.16 608.75
592.36 608.78
591.09 608.84
C
591.09 606.5 L
583.56 618.46 M
588.75 618.46 L
588.75 617.5 L
587.55 617.5 L
586.73 617.28
586.33 616.75
586.33 615.9
C
586.33 612.34 L
585.91 612.34 L
585.91 613.23
585.85 614.13
585.75 615.04
C
585.65 615.96
585.28 617.08
584.64 618.42
C
584.06 617.99
583.7 617.77
583.56 617.75
C
583.56 618.46 L
588.75 621.2 M
588.75 620.39 L
583.56 620.39 L
583.56 621.2 L
588.75 621.2 L
588.33 615.04 M
588.33 615.41
588.47 615.57
588.75 615.54
C
588.75 612.34 L
588.33 612.34 L
588.33 615.04 L
583.55 615.75 M
583.5 615.79
583.54 615.43
583.69 614.67
C
583.83 613.91
583.91 613.13
583.91 612.34
C
583.56 612.34 L
583.55 615.75 L
586.33 610.34 M
586.33 608.82 L
585.91 608.82 L
585.91 610.34 L
586.33 610.34 L
612.3 610.89 M
611.98 611.63
611.81 611.99
611.77 611.96
C
615.27 611.9 L
615.98 611.9
617.08 611.87
618.56 611.81
C
618.56 614 L
617.14 613.93
616.04 613.9
615.27 613.9
C
611.41 613.9 L
611.36 614.17 L
616.47 614.17 L
616.41 615.75
616.38 616.98
616.38 617.86
C
616.38 622.45 L
617.34 622.45
618.44 622.41
619.66 622.34
C
619.66 624.39 L
618.23 624.32
617.03 624.29
616.05 624.29
C
604.8 624.29 L
603.76 624.29
602.57 624.32
601.25 624.39
C
601.25 622.34 L
602.63 622.41
603.72 622.45
604.53 622.45
C
604.53 617.86 L
604.53 616.98
604.5 615.75
604.44 614.17
C
609.05 614.17 L
609.08 613.9 L
605.42 613.9 L
604.48 613.9
603.35 613.93
602.03 614
C
602.03 611.79 L
603.35 611.87
604.48 611.9
605.42 611.9
C
609.34 611.9 L
609.36 611.75
609.38 611.32
609.38 610.64
C
610.2 610.8
611.17 610.89
612.3 610.89
C
618.28 606.82 M
618.21 607.83
618.17 608.65
618.17 609.26
C
618.17 609.88
618.21 610.56
618.3 611.32
C
602.78 611.32 L
602.85 610.41
602.89 609.69
602.89 609.18
C
602.89 608.62
602.85 607.83
602.78 606.82
C
618.28 606.82 L
614.3 616.36 M
614.3 616.09 L
606.61 616.09 L
606.61 616.36 L
614.3 616.36 L
614.3 618.39 M
614.3 618.2 L
606.61 618.2 L
606.61 618.39 L
614.3 618.39 L
614.3 622.45 M
614.3 622.26 L
606.61 622.26 L
606.61 622.45 L
614.3 622.45 L
614.3 620.34 M
614.3 620.39 L
606.61 620.39 L
606.61 620.34 L
614.3 620.34 L
611.56 609.48 M
611.56 608.67 L
609.27 608.67 L
609.27 609.48 L
611.56 609.48 L
615.86 609.48 M
615.86 608.67 L
613.64 608.67 L
613.64 609.48 L
615.86 609.48 L
607.34 609.48 M
607.34 608.67 L
605.2 608.67 L
605.2 609.48 L
607.34 609.48 L
cp
f
GR
0.83 2 2 [] 0 0.13 LAG
1018 543 1 146 543 DL
1018 47 1 146 47 DL
199.76 534.28 1 199.76 543 DL
199.76 47 1 199.76 55.72 DL
308.97 534.28 1 308.97 543 DL
308.97 47 1 308.97 55.72 DL
418.18 534.28 1 418.18 543 DL
418.18 47 1 418.18 55.72 DL
527.4 534.28 1 527.4 543 DL
527.4 47 1 527.4 55.72 DL
636.6 534.28 1 636.6 543 DL
636.6 47 1 636.6 55.72 DL
745.82 534.28 1 745.82 543 DL
745.82 47 1 745.82 55.72 DL
855.03 534.28 1 855.03 543 DL
855.03 47 1 855.03 55.72 DL
964.24 534.28 1 964.24 543 DL
964.24 47 1 964.24 55.72 DL
/SimHei 18.3333 F
GS
168.79 586.36 M
1 -1 scale
30 R
(ULA-8) t
GR
GS
262.42 595.36 M
1 -1 scale
30 R
(URA-3x3) t
GR
GS
371.63 595.36 M
1 -1 scale
30 R
(URA-4x2) t
GR
GS
496.42 586.36 M
N
503.31 581.97 M
496.97 585.62 L
490.97 575.22 L
492.37 574.4 L
497.72 583.66 L
502.64 580.82 L
503.31 581.97 L
506.69 572.47 M
506.96 571.93
507.09 571.27
507.08 570.5
C
507.06 569.72
506.98 568.87
506.82 567.92
C
506.21 568.28
505.55 568.69
504.84 569.16
C
504.17 567.99 L
504.97 567.59
505.8 567.14
506.64 566.65
C
506.49 565.82
506.23 564.94
505.86 564.02
C
506.45 563.83
507.06 563.67
507.69 563.52
C
507.72 564.7
507.78 565.51
507.86 565.95
C
510.66 564.33 L
511.39 563.91
512.05 563.5
512.64 563.1
C
513.31 564.26 L
512.72 564.55
512.06 564.9
511.33 565.32
C
508.04 567.22 L
508.12 568.04
508.22 569.47
508.32 571.53
C
510.64 570.19 L
510.22 569.46 L
509.98 569.06
509.71 568.62
509.39 568.15
C
510.73 567.38 L
510.94 567.85
511.14 568.25
511.32 568.57
C
511.86 569.49 L
512.83 568.93 L
513.52 568.53
514.18 568.12
514.81 567.7
C
515.44 568.79 L
514.81 569.11
514.15 569.47
513.46 569.86
C
512.42 570.46 L
513.78 572.83 L
515.44 571.88 L
516.17 571.46
516.82 571.05
517.41 570.67
C
518.07 571.82 L
517.45 572.13
516.79 572.49
516.09 572.89
C
514.39 573.87 L
515.12 575.15 L
515.45 575.72
515.82 576.3
516.21 576.88
C
514.87 577.65 L
514.56 577.03
514.27 576.49
514.01 576.04
C
513.17 574.58 L
511.1 575.77 L
510.41 576.17
509.73 576.59
509.06 577.02
C
508.4 575.87 L
509.11 575.51
509.81 575.13
510.5 574.73
C
512.57 573.54 L
511.23 571.22 L
510.46 571.66
509.83 572.06
509.32 572.4
C
508.82 572.75
508.38 573.12
508 573.5
C
507.36 572.95
506.92 572.61
506.69 572.47
C
503.1 566.82 M
503.45 569.11
503.8 570.94
504.16 572.31
C
505.38 572.85
506.24 573.32
506.75 573.73
C
507.26 574.14
507.62 574.58
507.84 575.05
C
508.06 575.52
508.05 576.04
507.81 576.61
C
507.57 577.18
507.22 577.71
506.74 578.2
C
506.3 577.8
505.85 577.45
505.38 577.12
C
506.11 576.7
506.49 576.32
506.51 575.99
C
506.53 575.65
506.38 575.29
506.05 574.91
C
505.72 574.53
505.34 574.19
504.9 573.9
C
504.47 573.61
503.89 573.35
503.16 573.12
C
502.7 571.01
502.32 569.55
502.01 568.75
C
500.43 569.67 L
507.4 581.74 L
506.18 582.44 L
505.59 581.31
504.97 580.2
504.34 579.1
C
500.23 571.98 L
499.69 571.04
499.16 570.18
498.65 569.39
C
503.1 566.82 L
520.24 557.02 M
521.18 556.47
521.88 556.04
522.34 555.71
C
522.94 556.76 L
522.43 556.99
521.58 557.45
520.4 558.13
C
518.76 559.08 L
518.96 559.61
519.24 560.46
519.58 561.62
C
523.23 559.51 L
523.96 561.25
524.46 562.74
524.74 563.96
C
525.01 565.18
525.1 566.32
525 567.37
C
524.91 568.43
524.69 569.4
524.33 570.29
C
523.98 571.17
523.54 572.14
523.02 573.2
C
522.41 572.9
521.8 572.69
521.18 572.55
C
521.98 571.49
522.57 570.51
522.97 569.6
C
523.37 568.7
523.57 567.73
523.56 566.7
C
523.2 566.64
522.74 566.56
522.17 566.46
C
521.6 566.36
521.04 566.27
520.51 566.19
C
520.8 564.73 L
521.2 564.77
521.63 564.84
522.06 564.93
C
522.5 565.03
523 565.16
523.58 565.32
C
523.46 564.57
523.34 563.9
523.19 563.31
C
523.04 562.72
522.8 562.04
522.46 561.26
C
519.78 562.81 L
519.91 563.7
519.97 564.6
519.95 565.5
C
519.93 566.41
519.79 567.25
519.55 568.04
C
519.12 567.96
518.61 567.91
518 567.89
C
518.18 567.18
518.3 566.45
518.35 565.69
C
518.4 564.94
518.4 564.23
518.33 563.56
C
518.27 562.89
518.15 562.26
517.97 561.66
C
517.79 561.06
517.58 560.47
517.36 559.89
C
516.26 560.52 L
515.41 561.01
514.84 561.38
514.54 561.61
C
513.94 560.57 L
514.29 560.42
514.91 560.09
515.8 559.58
C
520.24 557.02 L
527.27 552.15 M
527.53 552.8
527.87 553.47
528.27 554.17
C
534.17 564.4 L
534.48 564.93
534.54 565.39
534.35 565.77
C
534.16 566.15
533.59 566.72
532.62 567.49
C
532.15 566.95
531.64 566.53
531.09 566.25
C
531.93 565.83
532.45 565.53
532.65 565.36
C
532.86 565.19
532.83 564.88
532.57 564.43
C
527.05 554.87 L
526.68 554.22
526.28 553.59
525.86 552.96
C
527.27 552.15 L
525.28 555.73 M
525.48 556.27
525.83 556.98
526.35 557.88
C
528.88 562.26 L
529.3 562.99
529.69 563.63
530.06 564.18
C
528.6 565.02 L
528.35 564.41
528.02 563.73
527.59 563
C
524.92 558.37 L
524.52 557.68
524.13 557.09
523.75 556.62
C
525.28 555.73 L
cp
f
GR
GS
605.63 586.36 M
N
607.05 572.78 M
604.62 574.19 L
609.96 583.44 L
608.57 584.25 L
603.22 574.99 L
600.79 576.4 L
600.12 575.25 L
606.39 571.63 L
607.05 572.78 L
615.9 572.47 M
616.17 571.93
616.3 571.27
616.29 570.5
C
616.27 569.72
616.19 568.87
616.03 567.92
C
615.42 568.28
614.76 568.69
614.05 569.16
C
613.38 567.99 L
614.18 567.59
615.01 567.14
615.85 566.65
C
615.7 565.82
615.44 564.94
615.07 564.02
C
615.66 563.83
616.27 563.67
616.9 563.52
C
616.93 564.7
616.99 565.51
617.07 565.95
C
619.87 564.33 L
620.6 563.91
621.26 563.5
621.85 563.1
C
622.52 564.26 L
621.93 564.55
621.27 564.9
620.53 565.32
C
617.25 567.22 L
617.33 568.04
617.43 569.47
617.53 571.53
C
619.85 570.19 L
619.43 569.46 L
619.19 569.06
618.92 568.62
618.6 568.15
C
619.94 567.38 L
620.15 567.85
620.35 568.25
620.53 568.57
C
621.07 569.49 L
622.04 568.93 L
622.73 568.53
623.39 568.12
624.02 567.7
C
624.65 568.79 L
624.02 569.11
623.36 569.47
622.67 569.86
C
621.63 570.46 L
622.99 572.83 L
624.65 571.88 L
625.38 571.46
626.03 571.05
626.62 570.67
C
627.28 571.82 L
626.66 572.13
626 572.49
625.3 572.89
C
623.6 573.87 L
624.33 575.15 L
624.66 575.72
625.03 576.3
625.42 576.88
C
624.08 577.65 L
623.77 577.03
623.48 576.49
623.22 576.04
C
622.38 574.58 L
620.31 575.77 L
619.62 576.17
618.94 576.59
618.27 577.02
C
617.61 575.87 L
618.32 575.51
619.02 575.13
619.71 574.73
C
621.78 573.54 L
620.44 571.22 L
619.67 571.66
619.04 572.06
618.53 572.4
C
618.03 572.75
617.59 573.12
617.21 573.5
C
616.57 572.95
616.13 572.61
615.9 572.47
C
612.31 566.82 M
612.66 569.11
613.01 570.94
613.37 572.31
C
614.59 572.85
615.45 573.32
615.96 573.73
C
616.47 574.14
616.83 574.58
617.05 575.05
C
617.27 575.52
617.26 576.04
617.02 576.61
C
616.78 577.18
616.43 577.71
615.95 578.2
C
615.51 577.8
615.06 577.45
614.59 577.12
C
615.32 576.7
615.7 576.32
615.72 575.99
C
615.74 575.65
615.59 575.29
615.26 574.91
C
614.93 574.53
614.55 574.19
614.11 573.9
C
613.68 573.61
613.09 573.35
612.37 573.12
C
611.91 571.01
611.53 569.55
611.22 568.75
C
609.64 569.67 L
616.61 581.74 L
615.39 582.44 L
614.8 581.31
614.18 580.2
613.55 579.1
C
609.44 571.98 L
608.9 571.04
608.37 570.18
607.86 569.39
C
612.31 566.82 L
629.45 557.02 M
630.39 556.47
631.09 556.04
631.55 555.71
C
632.15 556.76 L
631.64 556.99
630.79 557.45
629.61 558.13
C
627.97 559.08 L
628.17 559.61
628.45 560.46
628.79 561.62
C
632.44 559.51 L
633.17 561.25
633.67 562.74
633.95 563.96
C
634.22 565.18
634.31 566.32
634.21 567.37
C
634.12 568.43
633.9 569.4
633.54 570.29
C
633.19 571.17
632.75 572.14
632.23 573.2
C
631.62 572.9
631.01 572.69
630.39 572.55
C
631.19 571.49
631.78 570.51
632.18 569.6
C
632.58 568.7
632.78 567.73
632.77 566.7
C
632.41 566.64
631.95 566.56
631.38 566.46
C
630.81 566.36
630.25 566.27
