%!PS-Adobe-3.0 EPSF-3.0
%%Creator: (MATLAB, The MathWorks, Inc. Version 25.2.0.3042426 R2025b Update 1. Operating System: Microsoft Windows 11 专业版)
%%Title: ./fig4_孔径填充对比.eps
%%CreationDate: 2026-01-04T15:19:15
%%Pages: (atend)
%%BoundingBox:    0     0   677   333
%%LanguageLevel: 3
%%EndComments
/bd{bind def}bind def
/ld{load def}bd
/GR/grestore ld
/GS/gsave ld
/RM/rmoveto ld
/C/curveto ld
/t/show ld
/L/lineto ld
/RL/rlineto ld
/ML/setmiterlimit ld
/CT/concat ld
/f/fill ld
/N/newpath ld
/S/stroke ld
/CC/setcmykcolor ld
/A/ashow ld
/cp/closepath ld
/RC/setrgbcolor ld
/LJ/setlinejoin ld
/GC/setgray ld
/LW/setlinewidth ld
/LC/setlinecap ld
/LJ/setlinejoin ld
/SD/setdash ld
/M/moveto ld
/TX/translate ld
/R/rotate ld
/SC/scale ld

/CIRC {0 360 arc}bd
/F {exch findfont exch scalefont setfont}bd
/edef{ exch def } def
/scaleImg{ % width height outputDPI scaleImg
   /outputDPI edef
   /height edef
   /width edef
   /psDPI 72 def
   /sDPI psDPI outputDPI div def % DPI scale
   width sDPI mul % width * (psDPI / outputDPI)
   height sDPI mul
   scale
} def

% LineAttribute methods.linewidth linejoin linecap [dashpattern] dashOffset colorVal(s) <method>
/LAG {setgray setdash setlinecap setlinejoin setlinewidth} bd
/LAR {setrgbcolor setdash setlinecap setlinejoin setlinewidth} bd
/LAC {setcmykcolor setdash setlinecap setlinejoin setlinewidth} bd

% draw line impl
/DL { % VertexList NVerts StartPt DL
  N moveto { lineto } repeat stroke} def
% draw unfilled polyline impl
/DPL { % VertexList NVerts StartPt DPL
  N moveto { lineto } repeat closepath stroke} def
% draw filled polyline impl
/DPLF { % VertexList NVerts StartPt DPLF
  N moveto { lineto } repeat closepath fill } def
/DRL { % VertexList NVerts StartPt DRL
  N moveto { rlineto } repeat stroke} def
% draw unfilled polyline impl
/DRPL { % VertexList NVerts StartPt DRPL
  N moveto { rlineto } repeat closepath stroke} def
% draw filled polyline impl
/DRPLF { % VertexList NVerts StartPt DRPLF
  N moveto { rlineto } repeat closepath fill } def

%%Page: 1 1
%%PageBoundingBox:    0     0   677   333
%%BeginPageSetup
N
0 0 M
676.16 0 L
676.16 332.27 L
0 332.27 L
cp
clip
1.00 GC
0 332.27 676.16 332.27 676.16 0 3 0 0 DPLF
[   0.6 0 0  -0.6 0 332.273] CT
%%EndPageSetup
-117.06 -9.33 TX
1.00 LW
639 67 639 463 179 463 3 179 67 DPLF
0.83 2 0 [] 0 0.87 LAG
197.93 463 1 197.93 67 DL
236.31 463 1 236.31 67 DL
274.68 463 1 274.68 67 DL
313.06 463 1 313.06 67 DL
351.44 463 1 351.44 67 DL
389.81 463 1 389.81 67 DL
428.19 463 1 428.19 67 DL
466.56 463 1 466.56 67 DL
504.94 463 1 504.94 67 DL
543.32 463 1 543.32 67 DL
581.69 463 1 581.69 67 DL
620.07 463 1 620.07 67 DL
639 463 1 179 463 DL
639 419 1 179 419 DL
639 375 1 179 375 DL
639 331 1 179 331 DL
639 287 1 179 287 DL
639 243 1 179 243 DL
639 199 1 179 199 DL
639 155 1 179 155 DL
639 111 1 179 111 DL
639 67 1 179 67 DL
0.13 GC
GS
345 61 M
N
355.31 61.2 M
353.86 62.66 L
352.33 61.18
351.22 59.73
350.55 58.33
C
349.87 56.92
349.53 55.33
349.53 53.55
C
349.53 51.77
349.87 50.17
350.55 48.77
C
351.22 47.37
352.33 45.91
353.86 44.38
C
355.31 45.83 L
353.95 47.13
352.98 48.37
352.4 49.55
C
351.82 50.72
351.53 52.06
351.53 53.55
C
351.53 55.05
351.82 56.38
352.39 57.55
C
352.96 58.73
353.94 59.94
355.31 61.2
C
365.27 60.61 M
362.36 60.61 L
362.12 60.37
361.97 60.13
361.9 59.9
C
361.83 59.66
361.89 59.53
362.06 59.48
C
361.97 59.88
361.63 60.19
361.05 60.42
C
360.48 60.65
359.88 60.77
359.25 60.77
C
358.32 60.77
357.53 60.52
356.86 60.04
C
356.19 59.55
355.86 58.85
355.86 57.92
C
355.86 57.02
356.16 56.29
356.76 55.76
C
357.36 55.22
358.24 54.87
359.42 54.7
C
360.13 54.6
360.7 54.48
361.14 54.36
C
361.58 54.23
361.8 54.15
361.8 54.09
C
361.8 53.88
361.71 53.66
361.55 53.44
C
361.38 53.22
360.98 53.11
360.34 53.11
C
359.81 53.11
359.44 53.2
359.23 53.37
C
359.01 53.54
358.84 53.9
358.7 54.44
C
356.19 54.44 L
356.35 53.18
356.8 52.27
357.54 51.71
C
358.27 51.15
359.21 50.88
360.34 50.88
C
361.59 50.88
362.55 51.17
363.2 51.77
C
363.86 52.37
364.19 53.2
364.19 54.25
C
364.19 58.55 L
364.19 58.81
364.23 59.05
364.32 59.27
C
364.41 59.48
364.72 59.93
365.27 60.61
C
361.8 57.2 M
361.86 56.23 L
361.86 56.28
361.71 56.34
361.41 56.41
C
361.12 56.49
360.62 56.59
359.92 56.7
C
359.24 56.79
358.82 56.92
358.66 57.11
C
358.49 57.3
358.41 57.52
358.41 57.77
C
358.41 57.96
358.48 58.14
358.64 58.3
C
358.8 58.45
359.05 58.53
359.41 58.53
C
359.81 58.53
360.25 58.42
360.73 58.19
C
361.2 57.96
361.56 57.63
361.8 57.2
C
371.06 53.55 M
371.06 55.33
370.73 56.92
370.05 58.33
C
369.38 59.73
368.28 61.18
366.73 62.66
C
365.28 61.2 L
366.66 59.94
367.63 58.73
368.2 57.55
C
368.78 56.38
369.06 55.05
369.06 53.55
C
369.06 52.06
368.78 50.72
368.2 49.55
C
367.63 48.37
366.66 47.13
365.3 45.83
C
366.75 44.38 L
368.28 45.91
369.38 47.37
370.05 48.77
C
370.73 50.17
371.06 51.77
371.06 53.55
C
395.88 53.84 M
393.84 54.48
392.66 54.86
392.31 55
C
392.31 59.89 L
392.26 61.16
391.91 61.95
391.27 62.25
C
390.62 62.55
389.7 62.78
388.5 62.92
C
388.31 61.72
387.97 60.74
387.47 59.98
C
388.83 60.15
389.58 60.18
389.72 60.07
C
389.85 59.96
389.92 59.74
389.92 59.41
C
389.92 55.94 L
389.27 56.17
388.32 56.57
387.08 57.16
C
386.71 56.29
386.24 55.45
385.67 54.63
C
388.13 54.01
389.55 53.64
389.92 53.5
C
389.92 49.94 L
390.42 49.44
390.93 48.95
391.45 48.48
C
391.97 48.02
392.3 47.71
392.44 47.56
C
389.17 47.56 L
388.55 47.56
387.65 47.6
386.48 47.67
C
386.48 45.22 L
387.65 45.29
388.55 45.33
389.17 45.33
C
396.61 45.33 L
396.61 47.38 L
395.66 47.97
394.84 48.53
394.16 49.07
C
393.47 49.61
392.85 50.19
392.31 50.81
C
392.31 52.77 L
392.47 52.71
393.66 52.28
395.89 51.45
C
395.8 52.43
395.79 53.23
395.88 53.84
C
399.61 43.92 M
399.54 45.19
399.5 46.47
399.5 47.77
C
399.5 59.03 L
399.46 59.64
399.51 60
399.66 60.13
C
399.8 60.26
400.21 60.33
400.89 60.33
C
401.54 60.33
401.92 60.18
402.03 59.89
C
402.15 59.6
402.29 58.9
402.45 57.8
C
403.2 58.36
404.07 58.81
405.06 59.14
C
404.66 60.68
404.21 61.64
403.72 62.01
C
403.23 62.38
402.7 62.56
402.14 62.56
C
399.33 62.56 L
397.79 62.56
397.05 61.77
397.11 60.19
C
397.11 47.77 L
397.11 46.84
397.08 45.56
397.02 43.92
C
399.61 43.92 L
420.11 54.31 M
421.4 54.31
422.55 54.28
423.56 54.2
C
423.56 56.58 L
422.6 56.51
421.48 56.47
420.19 56.47
C
419.42 56.47 L
419.42 59.86 L
422.2 59.86 L
424.81 59.67 L
424.81 62.13 L
423.8 62.05
422.94 62.02
422.22 62.02
C
414.48 62.02 L
413.56 62.02
412.56 62.05
411.48 62.13
C
411.48 59.75 L
412.56 59.82
413.56 59.86
414.48 59.86
C
417.11 59.86 L
417.11 56.47 L
416.52 56.47 L
415.58 56.47
414.42 56.5
413.05 56.56
C
413.05 54.2 L
414.42 54.28
415.58 54.31
416.52 54.31
C
420.11 54.31 L
423.73 45.48 M
422.99 46.7
422.38 47.62
421.88 48.23
C
421.38 48.84
420.93 49.35
420.53 49.78
C
422.01 50.6
423.5 51.54
425 52.58
C
424.28 53.21
423.68 53.81
423.2 54.36
C
421.24 52.8
419.81 51.76
418.89 51.23
C
418.18 51.77
417.46 52.24
416.72 52.66
C
415.98 53.09
414.77 53.73
413.09 54.59
C
412.84 54.01
412.28 53.31
411.39 52.5
C
413.08 52.01
414.7 51.29
416.24 50.35
C
417.79 49.41
418.89 48.48
419.53 47.56
C
416.28 47.56 L
415.35 47.56
414.33 47.6
413.2 47.67
C
413.2 45.38 L
414.28 45.45
415.28 45.48
416.2 45.48
C
423.73 45.48 L
414.05 49.3 M
413.29 49.97
412.34 51.05
411.22 52.52
C
411.22 58.78 L
411.22 59.88
411.25 61.24
411.31 62.88
C
408.89 62.88 L
408.95 61.24
408.98 59.85
408.98 58.7
C
408.98 54.81 L
408.71 55.06
408.14 55.57
407.25 56.33
C
406.76 55.76
406.22 55.17
405.62 54.58
C
407.07 53.63
408.29 52.58
409.28 51.44
C
410.27 50.29
411.12 49.01
411.84 47.58
C
412.52 48.16
413.26 48.73
414.05 49.3
C
413.16 45.34 M
412.57 46
411.8 46.85
410.83 47.9
C
409.86 48.95
408.82 49.96
407.72 50.94
C
407.24 50.39
406.62 49.82
405.88 49.23
C
407.1 48.41
408.11 47.58
408.9 46.74
C
409.68 45.9
410.42 44.91
411.09 43.77
C
411.75 44.34
412.44 44.86
413.16 45.34
C
426.7 57.05 M
426.47 56.14
426.03 55.23
425.38 54.33
C
426.9 54.11
428.12 53.83
429.06 53.5
C
429.06 50.3 L
428.26 50.3
427.32 50.37
426.25 50.52
C
426.25 48.11 L
427.27 48.18
428.21 48.22
429.06 48.22
C
429.06 46.89
429.03 45.48
428.97 44
C
431.56 44 L
431.49 45.27
431.45 46.68
431.45 48.22
C
431.69 48.22
432.37 48.18
433.48 48.11
C
433.48 50.41 L
432.37 50.33
431.69 50.3
431.45 50.3
C
431.45 52.67 L
431.55 52.64
432.17 52.43
433.33 52.03
C
433.33 52.81
433.41 53.59
433.56 54.38
C
432.9 54.46
432.19 54.67
431.45 55
C
431.45 60.2 L
431.39 61.2
431.12 61.83
430.64 62.09
C
430.16 62.34
429.09 62.6
427.42 62.88
C
427.42 62.09
427.15 61.15
426.59 60.05
C
428.04 60.13
428.82 60.17
428.91 60.16
C
429.01 60.15
429.06 60.03
429.06 59.8
C
429.06 55.89 L
428.94 55.94
428.15 56.33
426.7 57.05
C
434.09 63.28 M
433.57 62.76
432.7 62.29
431.48 61.86
C
432.41 60.86
433.04 59.97
433.36 59.2
C
433.68 58.42
433.93 57.63
434.11 56.82
C
434.29 56.01
434.39 54.79
434.41 53.14
C
434.44 51.49
434.4 49.41
434.28 46.89
C
441.59 46.89 L
442.68 46.89
443.83 46.85
445.05 46.78
C
445.05 49.14 L
443.83 49.08
442.68 49.05
441.59 49.05
C
436.77 49.05 L
436.77 53.43
436.69 56.04
436.53 56.87
C
436.38 57.7
436.15 58.61
435.85 59.63
C
435.55 60.64
434.97 61.85
434.09 63.28
C
439.78 43.72 M
440.59 45.01
441.26 46.01
441.78 46.7
C
440.82 47.1
439.98 47.45
439.27 47.77
C
438.91 46.97
438.3 45.97
437.42 44.77
C
438.27 44.43
439.05 44.08
439.78 43.72
C
462.89 44.55 M
462.82 45.61
462.78 46.5
462.78 47.22
C
462.78 47.94
462.82 48.81
462.89 49.83
C
459.5 49.83 L
459.5 50.88 L
460.42 50.88 L
460.93 50.88
461.69 50.84
462.7 50.77
C
462.7 53.06 L
461.54 52.99
460.8 52.95
460.5 52.95
C
459.5 52.95 L
459.5 54 L
461.91 54 L
462.36 54
463.15 53.96
464.27 53.89
C
464.27 56.19 L
463.15 56.11
462.39 56.08
461.98 56.08
C
457.61 56.08 L
457.85 56.89
458.28 57.55
458.89 58.06
C
459.53 57.39
460.18 56.48
460.84 55.36
C
461.49 55.85
462.29 56.35
463.25 56.88
C
462.43 57.43
461.51 58.25
460.5 59.34
C
461.39 59.96
462.95 60.44
465.19 60.78
C
464.38 61.49
463.8 62.24
463.47 63.05
C
461.74 62.49
460.4 61.95
459.45 61.41
C
458.51 60.86
457.68 60.16
456.97 59.28
C
456.26 58.41
455.72 57.34
455.34 56.08
C
453.95 56.08 L
453.95 59.39 L
454.61 59.02
455.3 58.53
456.02 57.92
C
456.19 58.93
456.43 59.78
456.73 60.47
C
456.2 60.74
455.57 61.1
454.83 61.56
C
454.09 62.02
453.32 62.6
452.53 63.31
C
452 62.55
451.5 61.9
451.03 61.36
C
451.49 60.84
451.72 60.27
451.72 59.64
C
451.72 56.08 L
450.02 56.08 L
449.88 57.47
449.61 58.79
449.21 60.02
C
448.81 61.24
448.33 62.3
447.77 63.17
C
447.14 62.62
446.51 62.18
445.86 61.86
C
446.45 60.74
446.89 59.73
447.16 58.82
C
447.44 57.91
447.63 56.94
447.73 55.92
C
447.84 54.9
447.88 53.76
447.85 52.49
C
447.83 51.23
447.81 50.12
447.81 49.17
C
447.81 48.19
447.78 46.65
447.72 44.55
C
462.89 44.55 L
460.55 47.75 M
460.55 46.7 L
450.05 46.7 L
450.05 47.75 L
460.55 47.75 L
452.81 54 M
452.81 52.95 L
452.45 52.95 L
451.99 52.95
451.2 52.99
450.08 53.06
C
450.08 50.77 L
451.2 50.84
451.99 50.88
452.45 50.88
C
452.81 50.88 L
452.81 49.83 L
450.05 49.83 L
450.05 54 L
452.81 54 L
457.27 50.88 M
457.27 49.83 L
455.05 49.83 L
455.05 50.88 L
457.27 50.88 L
457.27 54 M
457.27 52.95 L
455.05 52.95 L
455.05 54 L
457.27 54 L
cp
f
GR
639 463 1 179 463 DL
0.20 GC
187.19 450.55 187.19 463 183.09 463 3 183.09 450.55 DPLF
225.56 438.11 225.56 463 221.47 463 3 221.47 438.11 DPLF
263.94 425.66 263.94 463 259.85 463 3 259.85 425.66 DPLF
302.31 454.91 302.31 463 298.22 463 3 298.22 454.91 DPLF
340.69 450.55 340.69 463 336.6 463 3 336.6 450.55 DPLF
379.07 444.33 379.07 463 374.97 463 3 374.97 444.33 DPLF
417.44 447.88 417.44 463 413.35 463 3 413.35 447.88 DPLF
455.82 432.76 455.82 463 451.73 463 3 451.73 432.76 DPLF
494.19 417.63 494.19 463 490.1 463 3 490.1 417.63 DPLF
532.57 456.78 532.57 463 528.48 463 3 528.48 456.78 DPLF
570.95 450.55 570.95 463 566.85 463 3 566.85 450.55 DPLF
609.32 444.33 609.32 463 605.23 463 3 605.23 444.33 DPLF
0.83 0 0 [] 0 0.13 LAG
187.19 463 187.19 450.55 183.09 450.55 3 183.09 463 DPL
225.56 463 225.56 438.11 221.47 438.11 3 221.47 463 DPL
263.94 463 263.94 425.66 259.85 425.66 3 259.85 463 DPL
302.31 463 302.31 454.91 298.22 454.91 3 298.22 463 DPL
340.69 463 340.69 450.55 336.6 450.55 3 336.6 463 DPL
379.07 463 379.07 444.33 374.97 444.33 3 374.97 463 DPL
417.44 463 417.44 447.88 413.35 447.88 3 413.35 463 DPL
455.82 463 455.82 432.76 451.73 432.76 3 451.73 463 DPL
494.19 463 494.19 417.63 490.1 417.63 3 490.1 463 DPL
532.57 463 532.57 456.78 528.48 456.78 3 528.48 463 DPL
570.95 463 570.95 450.55 566.85 450.55 3 566.85 463 DPL
609.32 463 609.32 444.33 605.23 444.33 3 605.23 463 DPL
0.85 0.33 0.10 RC
192.3 233.88 192.3 463 188.21 463 3 188.21 233.88 DPLF
230.68 224.6 230.68 463 226.59 463 3 226.59 224.6 DPLF
269.06 215.04 269.06 463 264.96 463 3 264.96 215.04 DPLF
307.43 237.06 307.43 463 303.34 463 3 303.34 237.06 DPLF
345.81 233.88 345.81 463 341.71 463 3 341.71 233.88 DPLF
384.18 229.27 384.18 463 380.09 463 3 380.09 229.27 DPLF
422.56 231.2 422.56 463 418.47 463 3 418.47 231.2 DPLF
460.94 219.18 460.94 463 456.84 463 3 456.84 219.18 DPLF
499.31 206.83 499.31 463 495.22 463 3 495.22 206.83 DPLF
537.69 238.4 537.69 463 533.59 463 3 533.59 238.4 DPLF
576.06 233.88 576.06 463 571.97 463 3 571.97 233.88 DPLF
614.44 229.27 614.44 463 610.35 463 3 610.35 229.27 DPLF
0.83 0 0 [] 0 0.13 LAG
192.3 463 192.3 233.88 188.21 233.88 3 188.21 463 DPL
230.68 463 230.68 224.6 226.59 224.6 3 226.59 463 DPL
269.06 463 269.06 215.04 264.96 215.04 3 264.96 463 DPL
307.43 463 307.43 237.06 303.34 237.06 3 303.34 463 DPL
345.81 463 345.81 233.88 341.71 233.88 3 341.71 463 DPL
384.18 463 384.18 229.27 380.09 229.27 3 380.09 463 DPL
422.56 463 422.56 231.2 418.47 231.2 3 418.47 463 DPL
460.94 463 460.94 219.18 456.84 219.18 3 456.84 463 DPL
499.31 463 499.31 206.83 495.22 206.83 3 495.22 463 DPL
537.69 463 537.69 238.4 533.59 238.4 3 533.59 463 DPL
576.06 463 576.06 233.88 571.97 233.88 3 571.97 463 DPL
614.44 463 614.44 229.27 610.35 229.27 3 610.35 463 DPL
0.00 0.45 0.74 RC
197.42 139.21 197.42 463 193.33 463 3 193.33 139.21 DPLF
235.8 126.77 235.8 463 231.7 463 3 231.7 126.77 DPLF
274.17 114.32 274.17 463 270.08 463 3 270.08 114.32 DPLF
312.55 143.57 312.55 463 308.45 463 3 308.45 143.57 DPLF
350.92 139.21 350.92 463 346.83 463 3 346.83 139.21 DPLF
389.3 132.99 389.3 463 385.21 463 3 385.21 132.99 DPLF
427.68 136.57 427.68 463 423.58 463 3 423.58 136.57 DPLF
466.05 121.48 466.05 463 461.96 463 3 461.96 121.48 DPLF
504.43 106.39 504.43 463 500.33 463 3 500.33 106.39 DPLF
542.8 145.44 542.8 463 538.71 463 3 538.71 145.44 DPLF
581.18 139.21 581.18 463 577.09 463 3 577.09 139.21 DPLF
619.56 132.99 619.56 463 615.46 463 3 615.46 132.99 DPLF
0.83 0 0 [] 0 0.13 LAG
197.42 463 197.42 139.21 193.33 139.21 3 193.33 463 DPL
235.8 463 235.8 126.77 231.7 126.77 3 231.7 463 DPL
274.17 463 274.17 114.32 270.08 114.32 3 270.08 463 DPL
312.55 463 312.55 143.57 308.45 143.57 3 308.45 463 DPL
350.92 463 350.92 139.21 346.83 139.21 3 346.83 463 DPL
389.3 463 389.3 132.99 385.21 132.99 3 385.21 463 DPL
427.68 463 427.68 136.57 423.58 136.57 3 423.58 463 DPL
466.05 463 466.05 121.48 461.96 121.48 3 461.96 463 DPL
504.43 463 504.43 106.39 500.33 106.39 3 500.33 463 DPL
542.8 463 542.8 145.44 538.71 145.44 3 538.71 463 DPL
581.18 463 581.18 139.21 577.09 139.21 3 577.09 463 DPL
619.56 463 619.56 132.99 615.46 132.99 3 615.46 463 DPL
0.47 0.67 0.19 RC
202.54 373.13 202.54 463 198.44 463 3 198.44 373.13 DPLF
240.91 361.02 240.91 463 236.82 463 3 236.82 361.02 DPLF
279.29 348.83 279.29 463 275.2 463 3 275.2 348.83 DPLF
317.67 377.35 317.67 463 313.57 463 3 313.57 377.35 DPLF
356.04 373.13 356.04 463 351.95 463 3 351.95 373.13 DPLF
394.42 367.08 394.42 463 390.32 463 3 390.32 367.08 DPLF
432.79 370.56 432.79 463 428.7 463 3 428.7 370.56 DPLF
471.17 355.84 471.17 463 467.08 463 3 467.08 355.84 DPLF
509.55 341.01 509.55 463 505.45 463 3 505.45 341.01 DPLF
547.92 379.15 547.92 463 543.83 463 3 543.83 379.15 DPLF
586.3 373.13 586.3 463 582.2 463 3 582.2 373.13 DPLF
624.67 367.08 624.67 463 620.58 463 3 620.58 367.08 DPLF
0.83 0 0 [] 0 0.13 LAG
202.54 463 202.54 373.13 198.44 373.13 3 198.44 463 DPL
240.91 463 240.91 361.02 236.82 361.02 3 236.82 463 DPL
279.29 463 279.29 348.83 275.2 348.83 3 275.2 463 DPL
317.67 463 317.67 377.35 313.57 377.35 3 313.57 463 DPL
356.04 463 356.04 373.13 351.95 373.13 3 351.95 463 DPL
394.42 463 394.42 367.08 390.32 367.08 3 390.32 463 DPL
432.79 463 432.79 370.56 428.7 370.56 3 428.7 463 DPL
471.17 463 471.17 355.84 467.08 355.84 3 467.08 463 DPL
509.55 463 509.55 341.01 505.45 341.01 3 505.45 463 DPL
547.92 463 547.92 379.15 543.83 379.15 3 543.83 463 DPL
586.3 463 586.3 373.13 582.2 373.13 3 582.2 463 DPL
624.67 463 624.67 367.08 620.58 367.08 3 620.58 463 DPL
0.49 0.18 0.56 RC
207.65 151.76 207.65 463 203.56 463 3 203.56 151.76 DPLF
246.03 139.79 246.03 463 241.94 463 3 241.94 139.79 DPLF
284.41 127.79 284.41 463 280.31 463 3 280.31 127.79 DPLF
322.78 155.94 322.78 463 318.69 463 3 318.69 155.94 DPLF
361.16 151.76 361.16 463 357.06 463 3 357.06 151.76 DPLF
399.53 145.78 399.53 463 395.44 463 3 395.44 145.78 DPLF
437.91 148.92 437.91 463 433.82 463 3 433.82 148.92 DPLF
476.29 134.13 476.29 463 472.19 463 3 472.19 134.13 DPLF
514.66 119.3 514.66 463 510.57 463 3 510.57 119.3 DPLF
553.04 157.73 553.04 463 548.94 463 3 548.94 157.73 DPLF
591.41 151.76 591.41 463 587.32 463 3 587.32 151.76 DPLF
629.79 145.78 629.79 463 625.7 463 3 625.7 145.78 DPLF
0.83 0 0 [] 0 0.13 LAG
207.65 463 207.65 151.76 203.56 151.76 3 203.56 463 DPL
246.03 463 246.03 139.79 241.94 139.79 3 241.94 463 DPL
284.41 463 284.41 127.79 280.31 127.79 3 280.31 463 DPL
322.78 463 322.78 155.94 318.69 155.94 3 318.69 463 DPL
361.16 463 361.16 151.76 357.06 151.76 3 357.06 463 DPL
399.53 463 399.53 145.78 395.44 145.78 3 395.44 463 DPL
437.91 463 437.91 148.92 433.82 148.92 3 433.82 463 DPL
476.29 463 476.29 134.13 472.19 134.13 3 472.19 463 DPL
514.66 463 514.66 119.3 510.57 119.3 3 510.57 463 DPL
553.04 463 553.04 157.73 548.94 157.73 3 548.94 463 DPL
591.41 463 591.41 151.76 587.32 151.76 3 587.32 463 DPL
629.79 463 629.79 145.78 625.7 145.78 3 625.7 463 DPL
0.93 0.69 0.13 RC
212.77 214.4 212.77 463 208.68 463 3 208.68 214.4 DPLF
251.15 202.83 251.15 463 247.05 463 3 247.05 202.83 DPLF
289.52 191.17 289.52 463 285.43 463 3 285.43 191.17 DPLF
327.9 218.43 327.9 463 323.81 463 3 323.81 218.43 DPLF
366.27 214.4 366.27 463 362.18 463 3 362.18 214.4 DPLF
404.65 208.62 404.65 463 400.56 463 3 400.56 208.62 DPLF
443.03 212.36 443.03 463 438.93 463 3 438.93 212.36 DPLF
481.4 198.65 481.4 463 477.31 463 3 477.31 198.65 DPLF
519.78 184.8 519.78 463 515.69 463 3 515.69 184.8 DPLF
558.15 220.16 558.15 463 554.06 463 3 554.06 220.16 DPLF
596.53 214.4 596.53 463 592.44 463 3 592.44 214.4 DPLF
634.91 208.62 634.91 463 630.81 463 3 630.81 208.62 DPLF
0.83 0 0 [] 0 0.13 LAG
212.77 463 212.77 214.4 208.68 214.4 3 208.68 463 DPL
251.15 463 251.15 202.83 247.05 202.83 3 247.05 463 DPL
289.52 463 289.52 191.17 285.43 191.17 3 285.43 463 DPL
327.9 463 327.9 218.43 323.81 218.43 3 323.81 463 DPL
366.27 463 366.27 214.4 362.18 214.4 3 362.18 463 DPL
404.65 463 404.65 208.62 400.56 208.62 3 400.56 463 DPL
443.03 463 443.03 212.36 438.93 212.36 3 438.93 463 DPL
481.4 463 481.4 198.65 477.31 198.65 3 477.31 463 DPL
519.78 463 519.78 184.8 515.69 184.8 3 515.69 463 DPL
558.15 463 558.15 220.16 554.06 220.16 3 554.06 463 DPL
596.53 463 596.53 214.4 592.44 214.4 3 592.44 463 DPL
634.91 463 634.91 208.62 630.81 208.62 3 630.81 463 DPL
GS
367 561.12 M
N
374.42 552.92 M
375.17 552.45
375.74 551.86
376.13 551.14
C
376.52 550.42
376.83 549.76
377.05 549.17
C
376.67 549.17
375.88 549.2
374.66 549.26
C
374.66 546.9 L
375.93 546.98
377.01 547.01
377.91 547.01
C
378.15 546.33
378.36 545.31
378.55 543.95
C
379.54 544.18
380.54 544.44
381.55 544.75
C
380.77 546.17
380.36 546.93
380.34 547.01
C
383.36 547.01 L
384.29 547.01
385.28 546.98
386.34 546.9
C
386.34 549.28 L
385.33 549.2
384.36 549.17
383.44 549.17
C
379.48 549.17 L
379.19 549.85
378.62 551
377.78 552.64
C
379.66 552.64 L
379.66 552.11 L
379.66 551.6
379.62 550.89
379.55 549.98
C
382.17 549.98 L
382.09 550.85
382.05 551.48
382.05 551.87
C
382.05 552.64 L
382.89 552.64 L
383.77 552.64
384.76 552.6
385.88 552.53
C
385.88 554.82 L
384.81 554.75
383.84 554.71
382.97 554.71
C
382.05 554.71 L
382.05 556.93 L
383.75 556.93 L
384.68 556.93
385.67 556.9
386.73 556.82
C
386.73 559.2 L
385.67 559.13
384.7 559.09
383.83 559.09
C
382.05 559.09 L
382.05 560.31 L
382.05 561.04
382.08 561.93
382.16 563
C
379.55 563 L
379.62 561.93
379.66 561.12
379.66 560.54
C
379.66 559.09 L
377.42 559.09 L
376.54 559.09
375.51 559.13
374.34 559.2
C
374.34 556.82 L
375.51 556.9
376.54 556.93
377.42 556.93
C
379.66 556.93 L
379.66 554.79 L
378.96 554.79
378.28 554.82
377.62 554.87
C
376.96 554.92
376.23 555.06
375.44 555.28
C
375.04 554.17
374.7 553.39
374.42 552.92
C
375.3 545.21 M
374.21 547.98
373.48 550.04
373.11 551.4
C
373.93 552.52
374.48 553.44
374.77 554.17
C
375.05 554.9
375.16 555.59
375.09 556.25
C
375.03 556.92
374.69 557.48
374.08 557.96
C
373.46 558.43
372.64 558.81
371.59 559.11
C
371.31 558.24
370.95 557.33
370.52 556.39
C
371.73 556.39
372.41 556.29
372.55 556.08
C
372.68 555.88
372.71 555.54
372.62 555.07
C
372.53 554.59
372.36 554.11
372.12 553.63
C
371.87 553.14
371.43 552.54
370.78 551.82
C
371.55 549.4
371.98 547.89
372.08 547.29
C
370.95 547.29 L
370.95 562.76 L
368.55 562.76 L
368.61 561.07
368.64 559.53
368.64 558.12
C
368.64 548.98 L
368.64 547.79
368.61 546.54
368.55 545.21
C
375.3 545.21 L
396.64 545.29 M
397.83 545.29
398.88 545.25
399.78 545.17
C
399.78 547.4 L
398.88 547.33
397.67 547.29
396.17 547.29
C
394.41 547.29 L
394.34 547.7
394.19 548.39
393.95 549.36
C
398.59 549.36 L
398.29 551.77
397.93 553.66
397.5 555.02
C
397.07 556.38
396.51 557.56
395.8 558.56
C
395.1 559.56
394.32 560.39
393.47 561.06
C
392.61 561.73
391.52 562.5
390.19 563.39
C
389.64 562.56
388.95 561.78
388.14 561.04
C
389.86 560.31
391.14 559.64
391.99 559.01
C
392.84 558.39
393.48 557.7
393.91 556.96
C
393.78 556.86
393.47 556.6
392.98 556.18
C
392.48 555.77
391.89 555.29
391.19 554.75
C
392.83 552.89 L
393.41 553.3
393.89 553.68
394.26 554.03
C
394.63 554.37
394.9 554.63
395.08 554.81
C
395.22 554.43
395.39 553.93
395.56 553.29
C
395.74 552.66
395.86 552.04
395.94 551.43
C
393.25 551.43 L
392.95 552.21
392.53 553.05
391.99 553.93
C
391.46 554.82
390.74 555.67
389.84 556.5
C
389.31 556.04
388.62 555.54
387.77 555
C
388.57 554.19
389.2 553.45
389.65 552.77
C
390.1 552.09
390.48 551.42
390.78 550.77
C
391.08 550.12
391.31 549.46
391.46 548.8
C
391.61 548.14
391.72 547.64
391.78 547.29
C
390.86 547.29 L
389.78 547.29
388.88 547.34
388.17 547.43
C
388.17 545.15 L
388.88 545.25
389.8 545.29
390.94 545.29
C
396.64 545.29 L
406.56 544.51 M
406.42 545.58
406.34 546.55
406.34 547.42
C
406.34 560.54 L
406.34 561.38
406.1 561.95
405.62 562.27
C
405.15 562.59
404.07 562.88
402.41 563.14
C
402.2 562.14
401.78 561.15
401.16 560.17
C
402.71 560.25
403.56 560.28
403.72 560.25
C
403.88 560.21
403.95 560.03
403.95 559.68
C
403.95 547.42 L
403.95 546.6
403.92 545.63
403.84 544.51
C
406.56 544.51 L
402.67 546.86 M
402.52 547.78
402.44 548.8
402.44 549.92
C
402.44 555.54 L
402.44 556.47
402.47 557.44
402.55 558.46
C
399.75 558.46 L
399.9 557.43
399.97 556.46
399.97 555.54
C
399.97 549.61 L
399.97 548.74
399.9 547.82
399.75 546.86
C
402.67 546.86 L
410.91 548.34 M
410.91 546.82 L
410 546.82
408.98 546.86
407.86 546.93
C
407.86 544.56 L
409.03 544.63
410.7 544.67
412.89 544.67
C
415.07 544.67
416.82 544.63
418.14 544.56
C
418.14 546.93 L
417.18 546.86
416.27 546.82
415.41 546.82
C
415.41 548.34 L
418.08 548.34 L
418.02 550.34
417.98 552.69
417.98 555.39
C
417.98 558.1
418.02 560.53
418.08 562.68
C
415.75 562.68 L
415.75 561.28 L
410.56 561.28 L
410.56 562.92 L
408.31 562.92 L
408.38 560.97
408.41 558.43
408.41 555.31
C
408.41 552.14
408.38 549.82
408.31 548.34
C
410.91 548.34 L
418.09 544.5 M
419.62 544.56
420.81 544.59
421.64 544.59
C
425.91 544.59 L
425.83 545.86
425.8 547.35
425.8 549.06
C
425.8 550.73
425.83 552.17
425.91 553.39
C
420.88 553.39 L
420.88 560 L
420.88 560.4
421.08 560.61
421.48 560.61
C
423.98 560.61 L
424.18 560.61
424.33 560.43
424.43 560.08
C
424.53 559.73
424.58 558.92
424.58 557.65
C
425.49 558.38
426.38 558.82
427.23 558.96
C
426.78 560.6
426.4 561.64
426.12 562.09
C
425.83 562.54
425.25 562.76
424.38 562.76
C
420.47 562.76 L
419.25 562.76
418.64 562
418.64 560.46
C
418.64 554.21 L
418.64 553.5
418.61 552.53
418.55 551.31
C
423.48 551.31 L
423.48 546.75 L
421.16 546.75
419.36 546.78
418.09 546.84
C
418.09 544.5 L
410.56 556.46 M
415.75 556.46 L
415.75 555.5 L
414.55 555.5 L
413.73 555.28
413.33 554.75
413.33 553.9
C
413.33 550.34 L
412.91 550.34 L
412.91 551.23
412.85 552.13
412.75 553.04
C
412.65 553.96
412.28 555.08
411.64 556.42
C
411.06 555.99
410.7 555.77
410.56 555.75
C
410.56 556.46 L
415.75 559.2 M
415.75 558.39 L
410.56 558.39 L
410.56 559.2 L
415.75 559.2 L
415.33 553.04 M
415.33 553.41
415.47 553.57
415.75 553.54
C
415.75 550.34 L
415.33 550.34 L
415.33 553.04 L
410.55 553.75 M
410.49 553.79
410.54 553.43
410.69 552.67
C
410.83 551.91
410.91 551.13
410.91 550.34
C
410.56 550.34 L
410.55 553.75 L
413.33 548.34 M
413.33 546.82 L
412.91 546.82 L
412.91 548.34 L
413.33 548.34 L
439.3 548.89 M
438.98 549.63
438.81 549.99
438.77 549.96
C
442.27 549.9 L
442.98 549.9
444.08 549.87
445.56 549.81
C
445.56 552 L
444.14 551.93
443.04 551.9
442.27 551.9
C
438.41 551.9 L
438.36 552.17 L
443.47 552.17 L
443.41 553.75
443.38 554.98
443.38 555.86
C
443.38 560.45 L
444.34 560.45
445.44 560.41
446.66 560.34
C
446.66 562.39 L
445.23 562.32
444.03 562.29
443.05 562.29
C
431.8 562.29 L
430.76 562.29
429.57 562.32
428.25 562.39
C
428.25 560.34 L
429.62 560.41
430.72 560.45
431.53 560.45
C
431.53 555.86 L
431.53 554.98
431.5 553.75
431.44 552.17
C
436.05 552.17 L
436.08 551.9 L
432.42 551.9 L
431.48 551.9
430.35 551.93
429.03 552
C
429.03 549.79 L
430.35 549.87
431.48 549.9
432.42 549.9
C
436.34 549.9 L
436.36 549.75
436.38 549.32
436.38 548.64
C
437.2 548.8
438.17 548.89
439.3 548.89
C
445.28 544.82 M
445.21 545.83
445.17 546.65
445.17 547.26
C
445.17 547.88
445.21 548.56
445.3 549.32
C
429.78 549.32 L
429.85 548.41
429.89 547.69
429.89 547.18
C
429.89 546.62
429.85 545.83
429.78 544.82
C
445.28 544.82 L
441.3 554.36 M
441.3 554.09 L
433.61 554.09 L
433.61 554.36 L
441.3 554.36 L
441.3 556.39 M
441.3 556.2 L
433.61 556.2 L
433.61 556.39 L
441.3 556.39 L
441.3 560.45 M
441.3 560.26 L
433.61 560.26 L
433.61 560.45 L
441.3 560.45 L
441.3 558.34 M
441.3 558.39 L
433.61 558.39 L
433.61 558.34 L
441.3 558.34 L
438.56 547.48 M
438.56 546.67 L
436.27 546.67 L
436.27 547.48 L
438.56 547.48 L
442.86 547.48 M
442.86 546.67 L
440.64 546.67 L
440.64 547.48 L
442.86 547.48 L
434.34 547.48 M
434.34 546.67 L
432.2 546.67 L
432.2 547.48 L
434.34 547.48 L
cp
f
GR
0.83 2 2 [] 0 0.13 LAG
639 463 1 179 463 DL
639 67 1 179 67 DL
197.93 458.4 1 197.93 463 DL
197.93 67 1 197.93 71.6 DL
236.31 458.4 1 236.31 463 DL
236.31 67 1 236.31 71.6 DL
274.68 458.4 1 274.68 463 DL
274.68 67 1 274.68 71.6 DL
313.06 458.4 1 313.06 463 DL
313.06 67 1 313.06 71.6 DL
351.44 458.4 1 351.44 463 DL
351.44 67 1 351.44 71.6 DL
389.81 458.4 1 389.81 463 DL
389.81 67 1 389.81 71.6 DL
428.19 458.4 1 428.19 463 DL
428.19 67 1 428.19 71.6 DL
466.56 458.4 1 466.56 463 DL
466.56 67 1 466.56 71.6 DL
504.94 458.4 1 504.94 463 DL
504.94 67 1 504.94 71.6 DL
543.32 458.4 1 543.32 463 DL
543.32 67 1 543.32 71.6 DL
581.69 458.4 1 581.69 463 DL
581.69 67 1 581.69 71.6 DL
620.07 458.4 1 620.07 463 DL
620.07 67 1 620.07 71.6 DL
GS
120.2 533.36 M
N
123.28 522.23 M
121.31 518.82 L
120.87 518.05
120.45 517.38
120.05 516.79
C
121.51 515.94 L
121.83 516.58
122.2 517.26
122.62 517.99
C
124.62 521.46 L
128.69 519.1 L
129.34 518.73
130.1 518.27
130.98 517.71
C
131.68 518.93 L
130.8 519.38
130.02 519.8
129.33 520.2
C
125.25 522.55 L
127.71 526.81 L
128.18 527.63
128.75 528.57
129.42 529.65
C
127.96 530.5 L
127.37 529.37
126.83 528.38
126.34 527.53
C
123.91 523.33 L
119.89 525.65 L
119.24 526.02
118.49 526.49
117.62 527.05
C
116.92 525.83 L
117.83 525.35
118.63 524.91
119.32 524.52
C
123.28 522.23 L
143.27 509.32 M
143.9 510.41 L
143.67 510.76
143.36 511.3
142.96 512.01
C
142.56 512.73
142.14 513.6
141.69 514.61
C
142 515.16 L
146.14 512.77 L
146.55 512.53
147.19 512.14
148.06 511.59
C
148.76 512.8 L
147.82 513.24
147.15 513.57
146.74 513.81
C
142.6 516.2 L
144.39 519.3 L
144.83 520.14
144.84 520.76
144.42 521.16
C
144.01 521.57
143.35 522.08
142.46 522.7
C
142.19 522.32
141.77 521.91
141.2 521.48
C
142.17 521.03
142.77 520.7
142.97 520.49
C
143.18 520.29
143.12 519.96
142.81 519.49
C
141.33 516.93 L
137.07 519.39 L
136.42 519.77
135.8 520.15
135.21 520.54
C
134.54 519.39 L
135.18 519.07
135.79 518.74
136.4 518.39
C
140.73 515.89 L
140.52 515.53
140.28 515.21
140.01 514.93
C
140.28 514.56
140.56 514.11
140.84 513.56
C
141.12 513.02
141.46 512.34
141.85 511.51
C
137.1 514.25 L
136.37 514.68
135.77 515.05
135.31 515.38
C
134.64 514.21 L
135.15 513.98
135.75 513.66
136.45 513.26
C
143.27 509.32 L
135.65 507.38 M
137 507.95
137.84 508.33
138.17 508.53
C
143.72 505.32 L
144.02 505.95
144.27 506.43
144.46 506.76
C
144.62 507.04
144.88 507.44
145.23 507.93
C
144.01 508.64 L
143.07 507 L
132.89 512.87 L
133.87 514.58 L
132.66 515.28 L
132.37 514.69
132.14 514.23
131.95 513.9
C
131.76 513.58
131.48 513.15
131.11 512.6
C
136.78 509.33 L
136.23 509.05
135.65 508.84
135.03 508.71
C
135.24 508.32
135.45 507.87
135.65 507.38
C
153.84 505.97 M
154.12 505.43
154.25 504.77
154.23 504
C
154.22 503.22
154.13 502.37
153.97 501.42
C
153.36 501.78
152.7 502.19
152 502.66
C
151.32 501.49 L
152.13 501.09
152.95 500.64
153.8 500.15
C
153.64 499.32
153.38 498.44
153.02 497.52
C
153.61 497.33
154.22 497.17
154.84 497.02
C
154.87 498.2
154.93 499.01
155.02 499.45
C
157.82 497.83 L
158.55 497.41
159.21 497
159.8 496.6
C
160.47 497.76 L
159.87 498.05
159.21 498.4
158.48 498.82
C
155.19 500.72 L
155.28 501.54
155.37 502.97
155.48 505.03
C
157.79 503.69 L
157.37 502.96 L
157.14 502.56
156.86 502.12
156.54 501.65
C
157.88 500.88 L
158.09 501.35
158.29 501.75
158.48 502.07
C
159.01 502.99 L
159.98 502.43 L
160.68 502.03
161.34 501.62
161.96 501.2
C
162.59 502.29 L
161.96 502.61
161.3 502.97
160.61 503.36
C
159.57 503.96 L
160.94 506.33 L
162.59 505.38 L
163.32 504.96
163.98 504.55
164.56 504.17
C
165.23 505.32 L
164.6 505.63
163.94 505.99
163.25 506.39
C
161.54 507.37 L
162.28 508.65 L
162.61 509.22
162.97 509.8
163.37 510.38
C
162.03 511.15 L
161.71 510.53
161.43 509.99
161.17 509.54
C
160.32 508.08 L
158.25 509.27 L
157.57 509.67
156.89 510.09
156.21 510.52
C
155.55 509.37 L
156.27 509.01
156.97 508.63
157.65 508.23
C
159.72 507.04 L
158.39 504.72 L
157.62 505.16
156.98 505.56
156.48 505.9
C
155.97 506.25
155.53 506.62
155.16 507
C
154.51 506.45
154.07 506.11
153.84 505.97
C
150.25 500.32 M
150.6 502.61
150.95 504.44
151.31 505.81
C
152.53 506.35
153.4 506.82
153.91 507.23
C
154.41 507.64
154.78 508.08
154.99 508.55
C
155.21 509.02
155.2 509.54
154.96 510.11
C
154.73 510.68
154.37 511.21
153.9 511.7
C
153.45 511.3
153 510.95
152.54 510.62
C
153.27 510.2
153.64 509.82
153.67 509.49
C
153.69 509.15
153.53 508.79
153.21 508.41
C
152.88 508.03
152.49 507.69
152.06 507.4
C
151.62 507.11
151.04 506.85
150.32 506.62
C
149.85 504.51
149.47 503.05
149.16 502.25
C
147.58 503.17 L
154.55 515.24 L
153.33 515.94 L
152.74 514.81
152.13 513.7
151.49 512.6
C
147.38 505.48 L
146.84 504.54
146.32 503.68
145.8 502.89
C
150.25 500.32 L
171.22 496.99 M
164.28 500.99 L
163.72 500.02 L
170.66 496.01 L
171.22 496.99 L
181.8 486.91 M
181.44 487.6
181.02 488.49
180.54 489.58
C
180.06 490.67
179.43 491.81
178.67 493.01
C
181.71 491.25 L
182.56 490.76
182.72 490.05
182.18 489.13
C
182.73 489.13
183.34 489.07
184.03 488.94
C
184.14 490.07
184.08 490.8
183.86 491.11
C
183.64 491.43
183.27 491.75
182.74 492.05
C
179.51 493.91 L
178.48 494.56
177.88 494.82
177.7 494.71
C
176.32 496.26
175.26 497.42
174.51 498.18
C
174.11 497.86
173.61 497.61
173 497.42
C
173.93 496.77
174.67 496.16
175.23 495.57
C
175.78 494.98
176.26 494.43
176.67 493.93
C
175.76 492.35 L
175.53 491.94
175.2 491.42
174.79 490.79
C
176.19 489.99 L
176.5 490.61
176.77 491.13
177.01 491.54
C
177.61 492.58 L
178.05 491.94
178.52 491.08
179.03 490
C
179.55 488.92
179.87 487.78
179.98 486.57
C
180.37 486.67
180.97 486.78
181.8 486.91
C
176.97 498.79 M
176.71 498.34
176.42 497.88
176.09 497.42
C
177.43 496.65 L
177.72 497.24
177.99 497.74
178.22 498.14
C
178.96 499.43 L
182.25 497.53 L
181.27 495.82 L
181.03 495.42
180.67 494.89
180.19 494.24
C
181.59 493.44 L
181.81 493.91
182.12 494.49
182.52 495.17
C
183.47 496.83 L
186.88 494.86 L
186 493.33 L
185.76 492.92
185.47 492.47
185.12 491.97
C
186.46 491.2 L
186.71 491.71
186.97 492.2
187.25 492.69
C
188.42 494.71 L
188.61 495.03
188.84 495.41
189.14 495.83
C
187.86 496.56 L
187.44 495.83 L
178.24 501.14 L
178.05 500.71
177.85 500.31
177.64 499.94
C
176.97 498.79 L
182.82 485.58 M
182.02 484.19 L
171.72 490.13 L
172.56 491.59 L
171.22 492.37 L
171.13 492.1
170.94 491.72
170.66 491.23
C
170.38 490.74
170.08 490.29
169.78 489.86
C
175.57 486.52 L
175.24 486.23
174.85 485.94
174.42 485.65
C
174.71 485.32
175.07 484.91
175.51 484.44
C
175.81 484.59
176.32 485
177.03 485.68
C
182.76 482.37 L
183.02 482.93
183.25 483.39
183.46 483.75
C
183.65 484.07
183.88 484.43
184.16 484.81
C
182.82 485.58 L
174.16 491.55 M
174.32 492.39
174.46 493.42
174.58 494.65
C
173.96 494.79
173.44 494.93
173.03 495.06
C
173.1 494.15
172.97 493.14
172.65 492.03
C
173.13 491.91
173.63 491.75
174.16 491.55
C
183.35 486.09 M
184.26 486.43
185.2 486.84
186.17 487.31
C
185.82 487.73
185.55 488.15
185.37 488.58
C
184.47 488.07
183.56 487.67
182.64 487.4
C
182.85 487
183.08 486.56
183.35 486.09
C
178.19 489.64 M
177.2 489.24
176.35 489
175.65 488.91
C
175.86 488.52
176.05 488.09
176.2 487.61
C
176.67 487.67
177.52 487.88
178.75 488.25
C
178.6 488.73
178.41 489.19
178.19 489.64
C
188.96 477.65 M
188.84 478
188.76 478.33
188.72 478.65
C
188.69 478.96
188.69 479.3
188.73 479.66
C
196.23 475.33 L
196.83 474.98
197.49 474.57
198.19 474.11
C
198.76 475.08 L
193.64 478.03 L
194.2 479.01 L
196.58 477.63 L
197.07 477.35
197.63 477.01
198.26 476.6
C
198.85 477.62 L
198.18 477.96
197.6 478.27
197.12 478.55
C
194.73 479.93 L
195.3 480.9 L
197.8 479.46 L
198.32 479.16
198.92 478.78
199.59 478.34
C
200.19 479.38 L
199.47 479.73
198.85 480.06
198.32 480.36
C
195.82 481.81 L
196.31 482.66 L
199.3 480.94 L
199.95 480.56
200.59 480.17
201.22 479.76
C
201.81 480.79 L
201.18 481.1
200.54 481.45
199.89 481.83
C
191.97 486.4 L
192.25 486.88 L
191.04 487.59 L
190.69 486.81
190.35 486.11
189.99 485.5
C
188.38 482.7 L
188.35 483.21
188.3 483.62
188.24 483.92
C
188.17 484.23
188.1 484.6
188.02 485.02
C
187.57 484.9
187.12 484.84
186.68 484.82
C
186.78 484.32
186.92 483.49
187.1 482.3
C
187.28 481.11
187.37 480.17
187.37 479.47
C
187.36 478.76
187.31 478.17
187.2 477.69
C
187.68 477.69
188.27 477.68
188.96 477.65
C
195.91 485.75 M
195.82 485.58
195.59 485.25
195.24 484.74
C
196.53 484 L
196.81 484.6
196.99 484.96
197.06 485.08
C
200.96 482.83 L
201.69 482.41
202.39 481.98
203.06 481.53
C
203.62 482.5 L
199.29 485 L
200.14 485.16
200.98 485.18
201.83 485.04
C
202.67 484.91
203.78 484.63
205.16 484.21
C
205.04 484.83
205.02 485.4
205.09 485.9
C
204.11 486.08
203.3 486.2
202.66 486.28
C
202.03 486.35
201.42 486.37
200.84 486.35
C
200.26 486.33
199.76 486.27
199.32 486.17
C
198.88 486.07
198.41 485.95
197.89 485.81
C
197.58 485.99 L
198.4 487.4 L
198.89 488.25
199.35 488.96
199.78 489.52
C
198.44 490.29 L
198.16 489.7
197.76 488.95
197.25 488.06
C
196.43 486.65 L
196.19 486.79 L
196.13 487.37
196.02 487.92
195.84 488.46
C
195.66 488.99
195.44 489.51
195.17 490.03
C
194.9 490.54
194.59 491.05
194.24 491.58
C
193.9 492.1
193.44 492.67
192.86 493.28
C
192.46 492.97
191.99 492.7
191.43 492.48
C
192.16 491.78
192.88 491
193.57 490.14
C
194.26 489.27
194.67 488.43
194.78 487.61
C
190.4 490.14 L
189.83 489.16 L
190.35 488.93
191.09 488.53
192.07 487.96
C
195.91 485.75 L
194.08 481.61 M
193.52 480.63 L
189.86 482.74 L
190.43 483.72 L
194.08 481.61 L
192.98 479.71 M
192.42 478.74 L
188.77 480.85 L
189.33 481.82 L
192.98 479.71 L
195.09 483.37 M
194.6 482.51 L
190.95 484.62 L
191.44 485.48 L
195.09 483.37 L
191.36 475.22 M
191.67 475.26
192 475.34
192.36 475.46
C
192.72 475.57
193.12 475.72
193.55 475.91
C
193.42 476.24
193.2 476.66
192.9 477.16
C
192.47 476.98
192.12 476.83
191.84 476.72
C
191.56 476.61
191.24 476.53
190.88 476.47
C
191.08 476.08
191.25 475.66
191.36 475.22
C
cp
f
GR
GS
150.78 537.86 M
N
153.86 526.73 M
151.89 523.32 L
151.45 522.55
151.03 521.88
150.63 521.29
C
152.09 520.44 L
152.41 521.08
152.78 521.76
153.2 522.49
C
155.2 525.96 L
159.27 523.6 L
159.92 523.23
160.68 522.77
161.56 522.21
C
162.26 523.43 L
161.39 523.88
160.6 524.3
159.91 524.7
C
155.83 527.05 L
158.3 531.31 L
158.76 532.13
159.33 533.07
160.01 534.15
C
158.54 535 L
157.95 533.87
157.41 532.88
156.92 532.03
C
154.49 527.83 L
150.48 530.15 L
149.83 530.52
149.07 530.99
148.2 531.55
C
147.5 530.33 L
148.41 529.85
149.21 529.41
149.9 529.02
C
153.86 526.73 L
173.85 513.82 M
174.48 514.91 L
174.25 515.26
173.94 515.8
173.54 516.51
C
173.14 517.23
172.72 518.1
172.27 519.11
C
172.58 519.66 L
176.72 517.27 L
177.13 517.03
177.77 516.64
178.64 516.09
C
179.34 517.3 L
178.4 517.74
177.73 518.07
177.33 518.31
C
173.18 520.7 L
174.97 523.8 L
175.41 524.64
175.42 525.26
175.01 525.66
C
174.59 526.07
173.93 526.58
173.04 527.2
C
172.77 526.82
172.35 526.41
171.78 525.98
C
172.76 525.53
173.35 525.2
173.55 524.99
C
173.76 524.79
173.71 524.46
173.39 523.99
C
171.91 521.43 L
167.65 523.89 L
167 524.27
166.38 524.65
165.79 525.04
C
165.12 523.89 L
165.76 523.57
166.38 523.24
166.98 522.89
C
171.31 520.39 L
171.1 520.03
170.86 519.71
170.6 519.43
C
170.86 519.06
171.14 518.61
171.42 518.06
C
171.7 517.52
172.04 516.84
172.43 516.01
C
167.68 518.75 L
166.95 519.18
166.35 519.55
165.89 519.88
C
165.22 518.71 L
165.73 518.48
166.33 518.16
167.03 517.76
C
173.85 513.82 L
166.24 511.88 M
167.59 512.45
168.43 512.83
168.75 513.03
C
174.3 509.82 L
174.61 510.45
174.85 510.93
175.04 511.26
C
175.21 511.54
175.46 511.94
175.81 512.43
C
174.59 513.14 L
173.65 511.5 L
163.47 517.37 L
164.46 519.08 L
163.24 519.78 L
162.96 519.19
162.72 518.73
162.53 518.4
C
162.34 518.08
162.06 517.65
161.69 517.1
C
167.36 513.83 L
166.81 513.55
166.23 513.34
165.62 513.21
C
165.82 512.82
166.03 512.37
166.24 511.88
C
184.42 510.47 M
184.7 509.93
184.83 509.27
184.81 508.5
C
184.8 507.72
184.71 506.87
184.56 505.92
C
183.94 506.28
183.28 506.69
182.58 507.16
C
181.91 505.99 L
182.71 505.59
183.53 505.14
184.38 504.65
C
184.22 503.82
183.96 502.94
183.6 502.02
C
184.19 501.83
184.8 501.67
185.43 501.52
C
185.45 502.7
185.51 503.51
185.6 503.95
C
188.4 502.33 L
189.13 501.91
189.79 501.5
190.38 501.1
C
191.05 502.26 L
190.45 502.55
189.79 502.9
189.06 503.32
C
185.77 505.22 L
185.86 506.04
185.95 507.47
186.06 509.53
C
188.37 508.19 L
187.95 507.46 L
187.72 507.06
187.44 506.62
187.12 506.15
C
188.46 505.38 L
188.67 505.85
188.87 506.25
189.06 506.57
C
189.59 507.49 L
190.57 506.93 L
191.26 506.53
191.92 506.12
192.54 505.7
C
193.18 506.79 L
192.54 507.11
191.88 507.47
191.2 507.86
C
190.15 508.46 L
191.52 510.83 L
193.17 509.88 L
193.9 509.46
194.56 509.05
195.14 508.67
C
195.81 509.82 L
195.18 510.13
194.52 510.49
193.83 510.89
C
192.12 511.87 L
192.86 513.15 L
193.19 513.72
193.55 514.3
193.95 514.88
C
192.61 515.65 L
192.3 515.03
192.01 514.49
191.75 514.04
C
190.9 512.58 L
188.83 513.77 L
188.15 514.17
187.47 514.59
186.8 515.02
C
186.13 513.87 L
186.85 513.51
187.55 513.13
188.23 512.73
C
190.3 511.54 L
188.97 509.22 L
188.2 509.66
187.56 510.06
187.06 510.4
C
186.56 510.75
186.12 511.12
185.74 511.5
C
185.09 510.95
184.65 510.61
184.42 510.47
C
180.83 504.82 M
181.18 507.11
181.53 508.94
181.89 510.31
C
183.11 510.85
183.98 511.32
184.49 511.73
C
184.99 512.14
185.36 512.58
185.57 513.05
C
185.79 513.52
185.78 514.04
185.55 514.61
C
185.31 515.18
184.95 515.71
184.48 516.2
C
184.04 515.8
183.58 515.45
183.12 515.12
C
183.85 514.7
