%!PS-Adobe-3.0 EPSF-3.0
%%Creator: (MATLAB, The MathWorks, Inc. Version 25.2.0.3042426 R2025b Update 1. Operating System: Microsoft Windows 11 专业版)
%%Title: ./fig3_aperture_comparison.eps
%%CreationDate: 2025-12-07T00:04:24
%%Pages: (atend)
%%BoundingBox:    0     0   554   361
%%LanguageLevel: 3
%%EndComments
/bd{bind def}bind def
/ld{load def}bd
/GR/grestore ld
/GS/gsave ld
/RM/rmoveto ld
/C/curveto ld
/t/show ld
/L/lineto ld
/RL/rlineto ld
/ML/setmiterlimit ld
/CT/concat ld
/f/fill ld
/N/newpath ld
/S/stroke ld
/CC/setcmykcolor ld
/A/ashow ld
/cp/closepath ld
/RC/setrgbcolor ld
/LJ/setlinejoin ld
/GC/setgray ld
/LW/setlinewidth ld
/LC/setlinecap ld
/LJ/setlinejoin ld
/SD/setdash ld
/M/moveto ld
/TX/translate ld
/R/rotate ld
/SC/scale ld

/CIRC {0 360 arc}bd
/F {exch findfont exch scalefont setfont}bd
/edef{ exch def } def
/scaleImg{ % width height outputDPI scaleImg
   /outputDPI edef
   /height edef
   /width edef
   /psDPI 72 def
   /sDPI psDPI outputDPI div def % DPI scale
   width sDPI mul % width * (psDPI / outputDPI)
   height sDPI mul
   scale
} def

% LineAttribute methods.linewidth linejoin linecap [dashpattern] dashOffset colorVal(s) <method>
/LAG {setgray setdash setlinecap setlinejoin setlinewidth} bd
/LAR {setrgbcolor setdash setlinecap setlinejoin setlinewidth} bd
/LAC {setcmykcolor setdash setlinecap setlinejoin setlinewidth} bd

% draw line impl
/DL { % VertexList NVerts StartPt DL
  N moveto { lineto } repeat stroke} def
% draw unfilled polyline impl
/DPL { % VertexList NVerts StartPt DPL
  N moveto { lineto } repeat closepath stroke} def
% draw filled polyline impl
/DPLF { % VertexList NVerts StartPt DPLF
  N moveto { lineto } repeat closepath fill } def
/DRL { % VertexList NVerts StartPt DRL
  N moveto { rlineto } repeat stroke} def
% draw unfilled polyline impl
/DRPL { % VertexList NVerts StartPt DRPL
  N moveto { rlineto } repeat closepath stroke} def
% draw filled polyline impl
/DRPLF { % VertexList NVerts StartPt DRPLF
  N moveto { rlineto } repeat closepath fill } def

%%Page: 1 1
%%PageBoundingBox:    0     0   554   361
%%BeginPageSetup
N
0 0 M
553.2 0 L
553.2 360.14 L
0 360.14 L
cp
clip
1.00 GC
0 360.14 553.2 360.14 553.2 0 3 0 0 DPLF
[   0.6 0 0  -0.6 0 360.142] CT
%%EndPageSetup
-96 -24.75 TX
1.00 LW
1018 47 1018 540 146 540 3 146 47 DPLF
0.83 2 0 [] 0 0.87 LAG
199.76 540 1 199.76 47 DL
308.97 540 1 308.97 47 DL
418.18 540 1 418.18 47 DL
527.4 540 1 527.4 47 DL
636.6 540 1 636.6 47 DL
745.82 540 1 745.82 47 DL
855.03 540 1 855.03 47 DL
964.24 540 1 964.24 47 DL
1018 540 1 146 540 DL
1018 469.57 1 146 469.57 DL
1018 399.14 1 146 399.14 DL
1018 328.71 1 146 328.71 DL
1018 258.29 1 146 258.29 DL
1018 187.86 1 146 187.86 DL
1018 117.43 1 146 117.43 DL
1018 47 1 146 47 DL
/Times-Bold 21.6667 F
0.13 GC
GS
415 38.75 M
1 -1 scale
(Aperture Extension by Motion Mode) t
GR
1018 540 1 146 540 DL
0.20 GC
172.88 515.35 172.88 540 159.44 540 3 159.44 515.35 DPLF
282.09 530.04 282.09 540 268.65 540 3 268.65 530.04 DPLF
391.3 528.86 391.3 540 377.86 540 3 377.86 528.86 DPLF
500.51 525.06 500.51 540 487.07 540 3 487.07 525.06 DPLF
609.72 520.08 609.72 540 596.28 540 3 596.28 520.08 DPLF
718.93 520.08 718.93 540 705.49 540 3 705.49 520.08 DPLF
828.14 520.08 828.14 540 814.7 540 3 814.7 520.08 DPLF
937.35 515.79 937.35 540 923.91 540 3 923.91 515.79 DPLF
0.83 0 0 [] 0 0.13 LAG
172.88 540 172.88 515.35 159.44 515.35 3 159.44 540 DPL
282.09 540 282.09 530.04 268.65 530.04 3 268.65 540 DPL
391.3 540 391.3 528.86 377.86 528.86 3 377.86 540 DPL
500.51 540 500.51 525.06 487.07 525.06 3 487.07 540 DPL
609.72 540 609.72 520.08 596.28 520.08 3 596.28 540 DPL
718.93 540 718.93 520.08 705.49 520.08 3 705.49 540 DPL
828.14 540 828.14 520.08 814.7 520.08 3 814.7 540 DPL
937.35 540 937.35 515.79 923.91 515.79 3 923.91 540 DPL
0.85 0.33 0.10 RC
189.68 162.96 189.68 540 176.24 540 3 176.24 162.96 DPLF
298.89 180.5 298.89 540 285.45 540 3 285.45 180.5 DPLF
408.1 177.03 408.1 540 394.66 540 3 394.66 177.03 DPLF
517.31 176.9 517.31 540 503.87 540 3 503.87 176.9 DPLF
626.52 173.26 626.52 540 613.08 540 3 613.08 173.26 DPLF
735.73 173.26 735.73 540 722.29 540 3 722.29 173.26 DPLF
844.94 173.26 844.94 540 831.5 540 3 831.5 173.26 DPLF
954.15 168.98 954.15 540 940.71 540 3 940.71 168.98 DPLF
0.83 0 0 [] 0 0.13 LAG
189.68 540 189.68 162.96 176.24 162.96 3 176.24 540 DPL
298.89 540 298.89 180.5 285.45 180.5 3 285.45 540 DPL
408.1 540 408.1 177.03 394.66 177.03 3 394.66 540 DPL
517.31 540 517.31 176.9 503.87 176.9 3 503.87 540 DPL
626.52 540 626.52 173.26 613.08 173.26 3 613.08 540 DPL
735.73 540 735.73 173.26 722.29 173.26 3 722.29 540 DPL
844.94 540 844.94 173.26 831.5 173.26 3 831.5 540 DPL
954.15 540 954.15 168.98 940.71 168.98 3 940.71 540 DPL
0.00 0.45 0.74 RC
206.49 186.75 206.49 540 193.04 540 3 193.04 186.75 DPLF
315.7 180.5 315.7 540 302.25 540 3 302.25 180.5 DPLF
424.91 183.94 424.91 540 411.46 540 3 411.46 183.94 DPLF
534.12 176.9 534.12 540 520.67 540 3 520.67 176.9 DPLF
643.33 173.26 643.33 540 629.88 540 3 629.88 173.26 DPLF
752.54 173.26 752.54 540 739.09 540 3 739.09 173.26 DPLF
861.75 173.26 861.75 540 848.3 540 3 848.3 173.26 DPLF
970.96 171.31 970.96 540 957.51 540 3 957.51 171.31 DPLF
0.83 0 0 [] 0 0.13 LAG
206.49 540 206.49 186.75 193.04 186.75 3 193.04 540 DPL
315.7 540 315.7 180.5 302.25 180.5 3 302.25 540 DPL
424.91 540 424.91 183.94 411.46 183.94 3 411.46 540 DPL
534.12 540 534.12 176.9 520.67 176.9 3 520.67 540 DPL
643.33 540 643.33 173.26 629.88 173.26 3 629.88 540 DPL
752.54 540 752.54 173.26 739.09 173.26 3 739.09 540 DPL
861.75 540 861.75 173.26 848.3 173.26 3 848.3 540 DPL
970.96 540 970.96 171.31 957.51 171.31 3 957.51 540 DPL
0.47 0.67 0.19 RC
223.29 505.14 223.29 540 209.85 540 3 209.85 505.14 DPLF
332.5 522.75 332.5 540 319.06 540 3 319.06 522.75 DPLF
441.71 522.04 441.71 540 428.27 540 3 428.27 522.04 DPLF
550.92 516.38 550.92 540 537.48 540 3 537.48 516.38 DPLF
660.13 507.73 660.13 540 646.69 540 3 646.69 507.73 DPLF
769.34 510.12 769.34 540 755.9 540 3 755.9 510.12 DPLF
878.55 520.08 878.55 540 865.11 540 3 865.11 520.08 DPLF
987.76 510.12 987.76 540 974.32 540 3 974.32 510.12 DPLF
0.83 0 0 [] 0 0.13 LAG
223.29 540 223.29 505.14 209.85 505.14 3 209.85 540 DPL
332.5 540 332.5 522.75 319.06 522.75 3 319.06 540 DPL
441.71 540 441.71 522.04 428.27 522.04 3 428.27 540 DPL
550.92 540 550.92 516.38 537.48 516.38 3 537.48 540 DPL
660.13 540 660.13 507.73 646.69 507.73 3 646.69 540 DPL
769.34 540 769.34 510.12 755.9 510.12 3 755.9 540 DPL
878.55 540 878.55 520.08 865.11 520.08 3 865.11 540 DPL
987.76 540 987.76 510.12 974.32 510.12 3 974.32 540 DPL
0.49 0.18 0.56 RC
240.09 186.75 240.09 540 226.65 540 3 226.65 186.75 DPLF
349.3 180.29 349.3 540 335.86 540 3 335.86 180.29 DPLF
458.51 183.81 458.51 540 445.07 540 3 445.07 183.81 DPLF
567.72 176.43 567.72 540 554.28 540 3 554.28 176.43 DPLF
676.93 172.45 676.93 540 663.49 540 3 663.49 172.45 DPLF
786.14 165.89 786.14 540 772.7 540 3 772.7 165.89 DPLF
895.35 173.26 895.35 540 881.91 540 3 881.91 173.26 DPLF
1004.56 172.57 1004.56 540 991.12 540 3 991.12 172.57 DPLF
0.83 0 0 [] 0 0.13 LAG
240.09 540 240.09 186.75 226.65 186.75 3 226.65 540 DPL
349.3 540 349.3 180.29 335.86 180.29 3 335.86 540 DPL
458.51 540 458.51 183.81 445.07 183.81 3 445.07 540 DPL
567.72 540 567.72 176.43 554.28 176.43 3 554.28 540 DPL
676.93 540 676.93 172.45 663.49 172.45 3 663.49 540 DPL
786.14 540 786.14 165.89 772.7 165.89 3 772.7 540 DPL
895.35 540 895.35 173.26 881.91 173.26 3 881.91 540 DPL
1004.56 540 1004.56 172.57 991.12 172.57 3 991.12 540 DPL
/Times-Bold 20.1667 F
GS
492.5 620.99 M
1 -1 scale
(Array Configuration) t
GR
0.83 2 2 [] 0 0.13 LAG
1018 540 1 146 540 DL
1018 47 1 146 47 DL
199.76 531.28 1 199.76 540 DL
199.76 47 1 199.76 55.72 DL
308.97 531.28 1 308.97 540 DL
308.97 47 1 308.97 55.72 DL
418.18 531.28 1 418.18 540 DL
418.18 47 1 418.18 55.72 DL
527.4 531.28 1 527.4 540 DL
527.4 47 1 527.4 55.72 DL
636.6 531.28 1 636.6 540 DL
636.6 47 1 636.6 55.72 DL
745.82 531.28 1 745.82 540 DL
745.82 47 1 745.82 55.72 DL
855.03 531.28 1 855.03 540 DL
855.03 47 1 855.03 55.72 DL
964.24 531.28 1 964.24 540 DL
964.24 47 1 964.24 55.72 DL
/Times-Roman 18.3333 F
GS
163.23 587.72 M
1 -1 scale
30 R
(ULA-8) t
GR
GS
255.99 597.22 M
1 -1 scale
30 R
(URA-3x3) t
GR
GS
365.2 597.22 M
1 -1 scale
30 R
(URA-4x2) t
GR
GS
495.19 585.22 M
N
502.47 577.21 M
502.76 577.12 L
503.5 580.43 L
495.5 585.04 L
495.34 584.76 L
495.73 584.53 L
496.16 584.28
496.39 583.96
496.42 583.57
C
496.44 583.35
496.27 582.94
495.93 582.34
C
492.09 575.69 L
491.72 575.04
491.41 574.69
491.17 574.61
C
490.84 574.5
490.49 574.55
490.1 574.78
C
489.71 575 L
489.54 574.72 L
494.21 572.02 L
494.37 572.31 L
493.83 572.61
493.48 572.88
493.32 573.12
C
493.16 573.35
493.09 573.57
493.1 573.78
C
493.11 573.99
493.29 574.4
493.65 575.02
C
497.39 581.5 L
497.64 581.92
497.85 582.19
498.02 582.31
C
498.14 582.37
498.28 582.39
498.44 582.37
C
498.59 582.36
499 582.16
499.66 581.78
C
500.42 581.34 L
501.21 580.88
501.74 580.5
501.99 580.2
C
502.24 579.9
502.41 579.52
502.5 579.07
C
502.59 578.62
502.58 578
502.47 577.21
C
511.24 568.07 M
510.58 566.94
509.99 565.98
509.48 565.19
C
511.24 564.99 L
510.94 565.74 L
511.99 567.57 L
513.52 566.68 L
513.84 565.43 L
515.56 566 L
512.2 567.93 L
513.75 570.61 L
516.01 569.31 L
516.37 567.96 L
518.17 568.55 L
513.96 570.98 L
515.04 572.84
515.78 574.07
516.17 574.66
C
515.5 575.61 L
514.6 573.96
513.84 572.59
513.21 571.48
C
510.89 572.82 L
510.36 573.13
509.91 573.47
509.54 573.85
C
508.66 573.62 L
512.99 571.12 L
511.45 568.44 L
509.13 569.78 L
508.93 570.54 L
507.74 570.18 L
508.05 569.59 L
507.78 567.8
507.5 566.28
507.21 565.04
C
506.9 565.22 L
506.38 565.52
505.93 565.87
505.55 566.25
C
504.69 566.01 L
507.12 564.6 L
506.74 563.2
506.43 562.24
506.19 561.73
C
507.86 561.67 L
507.59 562.32 L
507.91 564.15 L
511.19 562.25 L
511.59 560.98 L
513.35 561.49 L
508.06 564.55 L
508.92 569.41 L
511.24 568.07 L
504.27 570.07 M
505.41 570.28
506.3 570.57
506.92 570.94
C
507.54 571.31
508 571.83
508.3 572.49
C
508.6 573.16
508.66 573.75
508.47 574.26
C
508.28 574.78
507.98 575.2
507.59 575.54
C
507.29 575.02
506.62 574.86
505.6 575.06
C
505.46 574.82 L
505.91 574.67
506.34 574.47
506.75 574.24
C
507.12 574.02
507.35 573.8
507.45 573.55
C
507.55 573.31
507.34 572.82
506.81 572.1
C
506.29 571.38
505.34 570.76
503.96 570.25
C
503.14 566.02 L
500.7 567.43 L
507.7 579.55 L
507.09 580.46 L
506.32 579.01
504.93 576.56
502.94 573.11
C
500.95 569.66
499.73 567.6
499.29 566.94
C
500.49 567.06 L
502.87 565.69 L
502.97 564.73 L
504.53 565.05 L
504.26 565.42
504.13 566
504.12 566.79
C
504.11 567.58
504.16 568.67
504.27 570.07
C
515.25 558.87 M
521.65 555.17 L
521.97 553.92 L
523.81 554.41 L
519.79 556.73 L
520.03 557.89
520.2 558.95
520.32 559.91
C
522.76 558.5 L
522.95 557.58 L
524.52 557.9 L
524.12 558.61 L
524.63 560.43
524.9 561.92
524.95 563.08
C
525 564.24
524.84 565.49
524.46 566.82
C
524.09 568.14
523.3 569.67
522.09 571.41
C
521.86 571.29 L
523.04 569.2
523.73 567.23
523.93 565.38
C
524.13 563.54
523.85 561.34
523.09 558.79
C
520.41 560.34 L
520.44 560.87
520.46 561.43
520.48 562.02
C
522.02 562.26
522.89 562.62
523.09 563.1
C
523.29 563.58
523.35 563.93
523.26 564.15
C
523.05 564.5 L
522.89 564.6
522.65 564.41
522.33 563.94
C
521.9 563.39
521.29 562.85
520.5 562.33
C
520.35 563.76
520.09 565.18
519.71 566.59
C
519.43 566.52 L
519.63 564.72
519.67 563.1
519.54 561.66
C
519.41 560.22
519.13 558.79
518.69 557.36
C
517.47 558.07 L
516.94 558.38
516.49 558.72
516.12 559.09
C
515.25 558.87 L
529.38 563.37 M
528.6 561.92
527.77 560.43
526.88 558.88
C
525.99 557.34
525.2 556.04
524.53 554.97
C
526.18 554.74 L
525.97 555.51 L
528.86 560.5 L
529.26 561.19
529.67 561.85
530.09 562.48
C
529.38 563.37 L
527.73 553.61 M
526.89 552.15
526.3 551.19
525.97 550.73
C
527.73 550.52 L
527.53 551.29 L
533.82 562.18 L
534.44 563.18
534.32 564.15
533.45 565.08
C
533.02 564.42
531.99 564.36
530.36 564.92
C
530.22 564.67 L
531.4 564.1
532.2 563.7
532.62 563.49
C
533.04 563.27
533.09 562.9
532.79 562.38
C
527.73 553.61 L
cp
f
GR
GS
604.4 585.22 M
N
607.47 569.69 M
608.97 572.05 L
608.69 572.21 L
608.38 571.82
608.13 571.57
607.94 571.44
C
607.6 571.23
607.26 571.14
606.92 571.15
C
606.58 571.16
606.2 571.29
605.77 571.53
C
604.32 572.37 L
608.88 580.26 L
609.24 580.89
609.54 581.25
609.77 581.33
C
610.08 581.43
610.44 581.36
610.84 581.13
C
611.19 580.92 L
611.36 581.21 L
606.99 583.73 L
606.82 583.45 L
607.19 583.24 L
607.62 582.99
607.85 582.68
607.88 582.31
C
607.9 582.08
607.75 581.68
607.42 581.1
C
602.86 573.21 L
601.62 573.93 L
601.14 574.21
600.82 574.44
600.65 574.63
C
600.45 574.88
600.33 575.2
600.29 575.58
C
600.26 575.96
600.36 576.39
600.6 576.88
C
600.31 577.05 L
599.04 574.55 L
607.47 569.69 L
620.45 568.07 M
619.79 566.94
619.2 565.98
618.69 565.19
C
620.45 564.99 L
620.15 565.74 L
621.2 567.57 L
622.73 566.68 L
623.05 565.43 L
624.77 566 L
621.41 567.93 L
622.96 570.61 L
625.22 569.31 L
625.58 567.96 L
627.38 568.55 L
623.17 570.98 L
624.25 572.84
624.99 574.07
625.38 574.66
C
624.71 575.61 L
623.81 573.96
623.05 572.59
622.41 571.48
C
620.1 572.82 L
619.57 573.13
619.12 573.47
618.75 573.85
C
617.87 573.62 L
622.2 571.12 L
620.66 568.44 L
618.34 569.78 L
618.14 570.54 L
616.95 570.18 L
617.26 569.59 L
616.99 567.8
616.71 566.28
616.42 565.04
C
616.11 565.22 L
615.59 565.52
615.14 565.87
614.76 566.25
C
613.9 566.01 L
616.33 564.6 L
615.95 563.2
615.64 562.24
615.4 561.73
C
617.07 561.67 L
616.8 562.32 L
617.12 564.15 L
620.4 562.25 L
620.8 560.98 L
622.56 561.49 L
617.27 564.55 L
618.13 569.41 L
620.45 568.07 L
613.48 570.07 M
614.62 570.28
615.51 570.57
616.13 570.94
C
616.75 571.31
617.21 571.83
617.51 572.49
C
617.81 573.16
617.87 573.75
617.68 574.26
C
617.49 574.78
617.19 575.2
616.8 575.54
C
616.5 575.02
615.83 574.86
614.81 575.06
C
614.67 574.82 L
615.12 574.67
615.55 574.47
615.96 574.24
C
616.33 574.02
616.56 573.8
616.66 573.55
C
616.76 573.31
616.55 572.82
616.02 572.1
C
615.5 571.38
614.55 570.76
613.17 570.25
C
612.35 566.02 L
609.91 567.43 L
616.91 579.55 L
616.3 580.46 L
615.53 579.01
614.14 576.56
612.15 573.11
C
610.16 569.66
608.94 567.6
608.5 566.94
C
609.7 567.06 L
612.08 565.69 L
612.18 564.73 L
613.74 565.05 L
613.47 565.42
613.34 566
613.33 566.79
C
613.32 567.58
613.37 568.67
613.48 570.07
C
624.46 558.87 M
630.86 555.17 L
631.18 553.92 L
633.02 554.41 L
629 556.73 L
629.24 557.89
629.41 558.95
629.53 559.91
C
631.97 558.5 L
632.16 557.58 L
633.73 557.9 L
633.33 558.61 L
633.84 560.43
634.11 561.92
634.16 563.08
C
634.21 564.24
634.05 565.49
633.67 566.82
C
633.3 568.14
632.51 569.67
631.3 571.41
C
631.07 571.29 L
632.25 569.2
632.94 567.23
633.14 565.38
C
633.34 563.54
633.06 561.34
632.3 558.79
C
629.62 560.34 L
629.65 560.87
629.67 561.43
629.69 562.02
C
631.23 562.26
632.1 562.62
632.3 563.1
C
632.5 563.58
632.56 563.93
632.47 564.15
C
632.26 564.5 L
632.1 564.6
631.86 564.41
631.54 563.94
C
631.11 563.39
630.5 562.85
629.71 562.33
C
629.56 563.76
629.3 565.18
628.92 566.59
C
628.64 566.52 L
628.84 564.72
628.88 563.1
628.75 561.66
C
628.62 560.22
628.34 558.79
627.9 557.36
C
626.68 558.07 L
626.15 558.38
625.7 558.72
625.33 559.09
C
624.46 558.87 L
638.59 563.37 M
637.81 561.92
636.98 560.43
636.09 558.88
C
635.2 557.34
634.41 556.04
633.74 554.97
C
635.39 554.74 L
635.18 555.51 L
638.07 560.5 L
638.47 561.19
638.88 561.85
639.3 562.48
C
638.59 563.37 L
636.94 553.61 M
636.09 552.15
635.51 551.19
635.18 550.73
C
636.94 550.52 L
636.74 551.29 L
643.03 562.18 L
643.65 563.18
643.53 564.15
642.66 565.08
C
642.23 564.42
641.2 564.36
639.57 564.92
C
639.43 564.67 L
640.61 564.1
641.41 563.7
641.83 563.49
C
642.25 563.27
642.3 562.9
642 562.38
C
636.94 553.61 L
cp
f
GR
GS
710.15 587.22 M
N
710.86 576.65 M
710.49 575.89
710.2 575.34
710 575
C
709.8 574.66
709.48 574.15
709.04 573.48
C
710.17 573.48 L
713.89 571.33 L
713.94 570.58 L
715.23 570.72 L
715.02 571.33 L
715.49 572.14
715.86 572.74
716.13 573.12
C
715.46 573.92 L
715.14 573.37 L
711.37 575.55 L
711.54 575.86 L
710.86 576.65 L
710.34 577.28 M
711.44 577.22 L
716.32 574.41 L
716.45 573.68 L
717.76 573.81 L
717.48 574.45 L
718.35 575.96
718.95 576.97
719.29 577.47
C
718.69 578.39 L
716.58 574.74 L
711.66 577.58 L
713.62 580.99 L
713.01 581.91 L
712.53 580.99
712.09 580.18
711.68 579.47
C
711.27 578.76
710.83 578.03
710.34 577.28
C
714.13 576.97 M
715.73 576.93 L
715.61 577.27
715.7 577.95
716.02 578.96
C
716.29 579.99
716.25 580.97
715.88 581.88
C
715.51 582.8
714.85 583.78
713.88 584.81
C
713.62 584.64 L
714.81 583.15
715.37 581.82
715.31 580.67
C
715.24 579.52
714.85 578.29
714.13 576.97
C
716.75 579.26 M
718.45 578.82
719.58 578.62
720.14 578.65
C
720.7 578.68
721.04 578.93
721.18 579.39
C
721.31 579.86
721.34 580.11
721.26 580.16
C
721.13 580.23
720.92 580.19
720.62 580.04
C
719.99 579.8
718.7 579.62
716.74 579.52
C
716.75 579.26 L
710.38 573.84 M
711.15 575.18 L
714.93 573 L
714.16 571.67 L
710.38 573.84 L
712.89 587.59 M
712.41 586.68
712.01 585.95
711.71 585.42
C
706.19 575.87 L
705.91 575.38
705.49 574.7
704.94 573.83
C
706.13 573.79 L
715.99 568.1 L
716.13 567.21 L
717.56 567.43 L
717.26 568.17 L
723.24 578.53 L
723.52 579.01
723.89 579.61
724.35 580.32
C
723.69 581.28 L
723.06 580.18 L
713.13 585.92 L
713.55 586.65 L
712.89 587.59 L
706.34 574.16 M
712.91 585.54 L
722.84 579.8 L
716.27 568.42 L
706.34 574.16 L
732.25 566.57 M
731.6 565.44
731.01 564.48
730.5 563.69
C
732.26 563.49 L
731.95 564.24 L
733.01 566.07 L
734.54 565.18 L
734.86 563.93 L
736.57 564.5 L
733.22 566.43 L
734.77 569.11 L
737.03 567.81 L
737.39 566.46 L
739.18 567.05 L
734.98 569.48 L
736.05 571.34
736.79 572.57
737.19 573.16
C
736.51 574.11 L
735.62 572.46
734.86 571.09
734.22 569.98
C
731.91 571.32 L
731.38 571.63
730.93 571.97
730.56 572.35
C
729.68 572.12 L
734.01 569.62 L
732.47 566.94 L
730.15 568.28 L
729.95 569.04 L
728.76 568.68 L
729.07 568.09 L
728.79 566.3
728.51 564.78
728.23 563.54
C
727.92 563.72 L
727.39 564.02
726.94 564.37
726.57 564.75
C
725.7 564.51 L
728.14 563.1 L
727.76 561.7
727.45 560.74
727.2 560.23
C
728.88 560.17 L
728.6 560.82 L
728.92 562.65 L
732.21 560.75 L
732.61 559.48 L
734.37 559.99 L
729.08 563.05 L
729.94 567.91 L
732.25 566.57 L
725.29 568.57 M
726.43 568.78
727.31 569.07
727.94 569.44
C
728.56 569.81
729.02 570.33
729.32 570.99
C
729.62 571.66
729.68 572.25
729.49 572.76
C
729.3 573.28
729 573.7
728.61 574.04
C
728.31 573.52
727.64 573.36
726.62 573.56
C
726.48 573.32 L
726.93 573.17
727.36 572.97
727.77 572.74
C
728.14 572.52
728.37 572.3
728.47 572.05
C
728.57 571.81
728.36 571.32
727.83 570.6
C
727.3 569.88
726.35 569.26
724.98 568.75
C
724.16 564.52 L
721.72 565.93 L
728.72 578.05 L
728.11 578.96 L
727.33 577.51
725.95 575.06
723.96 571.61
C
721.96 568.16
720.75 566.1
720.31 565.44
C
721.51 565.56 L
723.89 564.19 L
723.99 563.23 L
725.55 563.55 L
725.28 563.92
725.14 564.5
725.13 565.29
C
725.13 566.08
725.18 567.17
725.29 568.57
C
739.61 564.78 M
743.55 562.51 L
744.21 563.66 L
740.27 565.93 L
739.61 564.78 L
746.51 559.3 M
745.31 559.1
744.48 558.87
744.01 558.6
C
743.53 558.33
743.17 557.98
742.91 557.53
C
742.53 556.87
742.45 556.14
742.69 555.35
C
742.93 554.57
743.47 553.93
744.33 553.43
C
745.16 552.95
745.96 552.79
746.74 552.95
C
747.51 553.12
748.06 553.49
748.4 554.06
C
748.61 554.44
748.7 554.91
748.66 555.47
C
748.61 556.03
748.32 556.84
747.77 557.89
C
749.06 558.06
749.96 558.26
750.48 558.49
C
751.17 558.78
751.67 559.21
752.01 559.79
C
752.42 560.51
752.51 561.29
752.25 562.13
C
751.99 562.97
751.42 563.65
750.51 564.17
C
749.54 564.73
748.6 564.86
747.69 564.56
C
746.97 564.32
746.45 563.91
746.11 563.32
C
745.85 562.87
745.74 562.33
745.79 561.7
C
745.83 561.07
746.08 560.27
746.51 559.3
C
747.23 557.8 M
747.53 556.9
747.67 556.24
747.65 555.83
C
747.63 555.42
747.5 555.01
747.27 554.61
C
746.96 554.07
746.57 553.74
746.1 553.61
C
745.62 553.48
745.13 553.57
744.6 553.87
C
744.09 554.17
743.76 554.56
743.6 555.04
C
743.45 555.53
743.49 555.97
743.72 556.38
C
743.88 556.64
744.1 556.87
744.38 557.05
C
744.67 557.24
745.01 557.38
745.39 557.48
C
747.23 557.8 L
747.04 559.37 M
746.83 559.98
746.74 560.55
746.77 561.08
C
746.81 561.61
746.97 562.12
747.25 562.61
C
747.63 563.27
748.11 563.69
748.69 563.88
C
749.28 564.06
749.84 564
750.39 563.68
C
750.94 563.36
751.29 562.95
751.44 562.45
C
751.59 561.95
751.54 561.48
751.29 561.05
C
751.08 560.68
750.79 560.41
750.44 560.23
C
749.76 559.89
748.63 559.61
747.04 559.37
C
cp
f
GR
GS
801.17 597.72 M
N
808.94 592.33 M
809.15 592.7
809.51 593.26
810 594.01
C
809.2 595.04 L
808.73 594.12
808.38 593.45
808.14 593.05
C
804.63 586.96 L
800.05 589.6 L
799.53 589.9
799.08 590.24
798.69 590.62
C
797.84 590.39 L
804.42 586.59 L
802.06 582.51 L
801.9 582.23
801.56 581.69
801.04 580.91
C
802.96 580.69 L
802.68 581.5 L
805.32 586.07 L
809.83 583.47 L
810.22 582.02 L
812.23 582.57 L
805.53 586.44 L
808.94 592.33 L
821.69 580.1 M
821.48 579.74
821.15 579.21
820.69 578.5
C
821.59 578.53 L
822.71 575.13 L
817.72 578.01 L
817.2 578.31
816.75 578.66
816.37 579.04
C
815.51 578.8 L
822.5 574.76 L
822.8 573.71 L
824.56 574.23 L
823.91 574.71
823.04 576.16
821.95 578.58
C
822.61 578.6 L
822.33 579.25 L
822.54 579.61 L
826.93 577.08 L
827.41 575.66 L
829.33 576.18 L
822.75 579.98 L
825 583.87 L
825.49 584.62
825.37 585.43
824.62 586.3
C
824.12 585.82
823.14 585.8
821.65 586.22
C
821.47 585.91 L
822.83 585.35
823.64 584.99
823.89 584.82
C
824.13 584.64
824.18 584.41
824.01 584.12
C
821.9 580.47 L
817.15 583.21 L
816.63 583.51
816.18 583.86
815.8 584.24
C
814.94 584 L
821.69 580.1 L
818.12 573.49 M
817.65 573.05
816.9 572.64
815.86 572.26
C
815.91 572.07 L
817.32 571.97
818.17 572.02
818.45 572.24
C
818.74 572.45
818.91 572.6
818.95 572.68
C
819.05 572.84
819.06 573.05
818.99 573.31
C
818.92 573.56
818.85 573.71
818.77 573.76
C
818.6 573.86
818.39 573.76
818.12 573.49
C
818.62 574.08 M
819.17 573.77 L
823.55 571.23 L
823.68 570.18 L
825.53 570.58 L
824.79 571.17
824.35 572.18
824.2 573.62
C
823.94 573.6 L
823.83 571.56 L
814.09 577.19 L
814.59 577.87
814.82 578.41
814.78 578.81
C
814.74 579.21
814.54 579.5
814.17 579.66
C
813.8 579.82
813.58 579.84
813.51 579.72
C
813.46 579.64
813.46 579.53
813.49 579.41
C
813.57 578.98
813.61 578.55
813.6 578.11
C
813.6 577.68
813.46 577.09
813.18 576.34
C
813.42 576.2 L
813.88 576.82 L
818.62 574.08 L
838.87 568.07 M
838.21 566.94
837.62 565.98
837.11 565.19
C
838.87 564.99 L
838.57 565.74 L
839.62 567.57 L
841.15 566.68 L
841.47 565.43 L
843.19 566 L
839.83 567.93 L
841.38 570.61 L
843.64 569.31 L
844 567.96 L
845.8 568.55 L
841.59 570.98 L
842.67 572.84
843.41 574.07
843.8 574.66
C
843.13 575.61 L
842.23 573.96
841.47 572.59
840.84 571.48
C
838.52 572.82 L
837.99 573.13
837.54 573.47
837.17 573.85
C
836.29 573.62 L
840.62 571.12 L
839.08 568.44 L
836.76 569.78 L
836.56 570.54 L
835.37 570.18 L
835.68 569.59 L
835.41 567.8
835.13 566.28
834.84 565.04
C
834.53 565.22 L
834.01 565.52
833.56 565.87
833.18 566.25
C
832.32 566.01 L
834.75 564.6 L
834.37 563.2
834.06 562.24
833.82 561.73
C
835.49 561.67 L
835.22 562.32 L
835.54 564.15 L
838.82 562.25 L
839.22 560.98 L
840.98 561.49 L
835.69 564.55 L
836.55 569.41 L
838.87 568.07 L
831.9 570.07 M
833.04 570.28
833.93 570.57
834.55 570.94
C
835.17 571.31
835.63 571.83
835.93 572.49
C
836.23 573.16
836.29 573.75
836.1 574.26
C
835.91 574.78
835.61 575.2
835.22 575.54
C
834.92 575.02
834.25 574.86
833.23 575.06
C
833.09 574.82 L
833.54 574.67
833.97 574.47
834.38 574.24
C
834.75 574.02
834.98 573.8
835.08 573.55
C
835.18 573.31
834.97 572.82
834.44 572.1
C
833.92 571.38
832.97 570.76
831.59 570.25
C
830.77 566.02 L
828.33 567.43 L
835.33 579.55 L
834.72 580.46 L
833.95 579.01
832.56 576.56
830.57 573.11
C
828.58 569.66
827.36 567.6
826.92 566.94
C
828.12 567.06 L
830.5 565.69 L
830.6 564.73 L
832.16 565.05 L
831.89 565.42
831.76 566
831.75 566.79
C
831.74 567.58
831.79 568.67
831.9 570.07
C
842.88 558.87 M
849.28 555.17 L
849.6 553.92 L
851.44 554.41 L
847.42 556.73 L
847.66 557.89
847.83 558.95
847.95 559.91
C
850.39 558.5 L
850.58 557.58 L
852.15 557.9 L
851.75 558.61 L
852.26 560.43
852.53 561.92
852.58 563.08
C
852.63 564.24
852.47 565.49
852.09 566.82
C
851.72 568.14
850.93 569.67
849.72 571.41
C
849.49 571.29 L
850.67 569.2
851.36 567.23
851.56 565.38
C
851.76 563.54
851.48 561.34
850.72 558.79
C
848.04 560.34 L
848.07 560.87
848.09 561.43
848.11 562.02
C
849.65 562.26
850.52 562.62
850.72 563.1
C
850.92 563.58
850.98 563.93
850.89 564.15
C
850.68 564.5 L
850.52 564.6
850.28 564.41
849.96 563.94
C
849.53 563.39
848.92 562.85
848.13 562.33
C
847.98 563.76
847.72 565.18
847.34 566.59
C
847.06 566.52 L
847.26 564.72
847.3 563.1
847.17 561.66
C
847.04 560.22
846.76 558.79
846.32 557.36
C
845.1 558.07 L
844.57 558.38
844.12 558.72
843.75 559.09
C
842.88 558.87 L
857.01 563.37 M
856.23 561.92
855.4 560.43
854.51 558.88
C
853.62 557.34
852.83 556.04
852.16 554.97
C
853.81 554.74 L
853.6 555.51 L
856.49 560.5 L
856.89 561.19
857.3 561.85
857.72 562.48
C
857.01 563.37 L
855.36 553.61 M
854.52 552.15
853.93 551.19
853.6 550.73
C
855.36 550.52 L
855.16 551.29 L
861.45 562.18 L
862.07 563.18
861.95 564.15
861.08 565.08
C
860.65 564.42
859.62 564.36
857.99 564.92
C
857.85 564.67 L
859.03 564.1
859.83 563.7
860.25 563.49
C
860.67 563.27
860.72 562.9
860.42 562.38
C
855.36 553.61 L
cp
f
GR
GS
930.3 586.22 M
N
931.77 571.61 M
935.37 569.53 L
935.53 569.81 L
935.33 569.93 L
935.2 570
935.05 570.17
934.86 570.44
C
934.68 570.7
934.54 571
934.45 571.34
C
934.37 571.68
934.32 572.18
934.31 572.85
C
934.08 578.21 L
935.57 580.8 L
935.94 581.43
936.24 581.78
936.48 581.86
C
936.79 581.96
937.15 581.89
937.56 581.65
C
937.9 581.45 L
938.07 581.74 L
933.68 584.27 L
933.52 583.99 L
933.88 583.77 L
934.32 583.52
934.55 583.22
934.58 582.85
C
934.6 582.62
934.45 582.22
934.11 581.64
C
932.7 579.19 L
927.38 576.51 L
926.74 576.19
926.32 576
926.13 575.94
C
925.94 575.89
925.61 575.88
925.13 575.93
C
925 575.93
924.84 575.99
924.65 576.1
C
924.49 575.81 L
928.9 573.26 L
929.06 573.55 L
928.83 573.68 L
928.6 573.82
928.41 574
928.27 574.23
C
928.14 574.46
928.13 574.69
928.26 574.91
C
928.37 575.09
928.72 575.33
929.31 575.63
C
933.37 577.7 L
933.55 573.36 L
933.58 572.7
933.53 572.26
933.4 572.04
C
933.32 571.89
933.21 571.78
933.07 571.71
C
932.94 571.64
932.78 571.61
932.6 571.63
C
932.43 571.65
932.2 571.74
931.93 571.89
C
931.77 571.61 L
948.08 568.07 M
947.42 566.94
946.84 565.98
946.32 565.19
C
948.08 564.99 L
947.78 565.74 L
948.83 567.57 L
950.36 566.68 L
950.68 565.43 L
952.4 566 L
949.04 567.93 L
950.59 570.61 L
952.85 569.31 L
953.21 567.96 L
955.01 568.55 L
950.8 570.98 L
951.88 572.84
952.62 574.07
953.01 574.66
C
952.34 575.61 L
951.44 573.96
950.68 572.59
950.05 571.48
C
947.73 572.82 L
947.2 573.13
946.75 573.47
946.38 573.85
C
945.5 573.62 L
949.83 571.12 L
948.29 568.44 L
945.97 569.78 L
945.77 570.54 L
944.58 570.18 L
944.89 569.59 L
944.62 567.8
944.34 566.28
944.05 565.04
C
943.74 565.22 L
943.22 565.52
942.77 565.87
942.39 566.25
C
941.53 566.01 L
943.96 564.6 L
943.58 563.2
943.27 562.24
943.03 561.73
C
944.7 561.67 L
944.43 562.32 L
944.75 564.15 L
948.03 562.25 L
948.43 560.98 L
950.19 561.49 L
944.9 564.55 L
945.76 569.41 L
948.08 568.07 L
941.11 570.07 M
942.25 570.28
943.14 570.57
943.76 570.94
C
944.38 571.31
944.84 571.83
945.14 572.49
C
945.44 573.16
945.5 573.75
945.31 574.26
C
945.12 574.78
944.82 575.2
944.43 575.54
C
944.13 575.02
943.46 574.86
942.44 575.06
C
942.3 574.82 L
942.75 574.67
943.18 574.47
943.59 574.24
C
943.96 574.02
944.19 573.8
944.29 573.55
C
944.39 573.31
944.18 572.82
943.65 572.1
C
943.13 571.38
942.18 570.76
940.8 570.25
C
939.98 566.02 L
937.54 567.43 L
944.54 579.55 L
943.93 580.46 L
943.16 579.01
941.77 576.56
939.78 573.11
C
937.79 569.66
936.57 567.6
936.13 566.94
C
937.33 567.06 L
939.71 565.69 L
939.81 564.73 L
941.37 565.05 L
941.1 565.42
940.97 566
940.96 566.79
C
940.95 567.58
941 568.67
941.11 570.07
C
952.09 558.87 M
958.49 555.17 L
958.81 553.92 L
960.65 554.41 L
956.63 556.73 L
956.87 557.89
957.04 558.95
957.16 559.91
C
959.6 558.5 L
959.79 557.58 L
961.36 557.9 L
960.96 558.61 L
961.47 560.43
961.74 561.92
961.79 563.08
C
961.84 564.24
961.68 565.49
961.3 566.82
C
960.93 568.14
960.14 569.67
958.93 571.41
C
958.7 571.29 L
959.88 569.2
960.57 567.23
960.77 565.38
C
960.97 563.54
960.69 561.34
959.93 558.79
C
957.25 560.34 L
957.28 560.87
957.3 561.43
957.32 562.02
C
958.86 562.26
959.73 562.62
959.93 563.1
C
960.13 563.58
960.19 563.93
960.1 564.15
C
959.89 564.5 L
959.73 564.6
959.49 564.41
959.17 563.94
C
958.74 563.39
958.13 562.85
957.34 562.33
C
957.19 563.76
956.93 565.18
956.55 566.59
C
956.27 566.52 L
956.47 564.72
956.51 563.1
956.38 561.66
C
956.25 560.22
955.97 558.79
955.53 557.36
C
954.31 558.07 L
953.78 558.38
953.33 558.72
952.96 559.09
C
952.09 558.87 L
966.22 563.37 M
965.44 561.92
964.61 560.43
963.72 558.88
C
962.83 557.34
962.04 556.04
961.37 554.97
C
963.02 554.74 L
962.81 555.51 L
965.7 560.5 L
966.1 561.19
966.51 561.85
966.93 562.48
C
966.22 563.37 L
964.57 553.61 M
963.72 552.15
963.14 551.19
962.81 550.73
C
964.57 550.52 L
964.37 551.29 L
970.66 562.18 L
971.28 563.18
971.16 564.15
970.29 565.08
C
969.86 564.42
968.83 564.36
967.2 564.92
C
967.06 564.67 L
968.24 564.1
969.04 563.7
969.46 563.49
C
969.88 563.27
969.93 562.9
969.63 562.38
C
964.57 553.61 L
cp
f
GR
GS
110 390 M
N
96.45 380.61 M
100.88 380.5 L
100.88 380.89 L
99.76 381.09
98.87 381.55
98.2 382.29
C
97.52 383.02
97.19 383.82
97.19 384.69
C
97.19 385.35
97.36 385.88
97.72 386.27
C
98.07 386.65
98.48 386.84
98.94 386.84
C
99.24 386.84
99.5 386.78
99.72 386.64
C
100.03 386.45
100.34 386.15
100.64 385.73
C
100.85 385.42
101.23 384.71
101.78 383.61
C
102.54 382.06
103.26 381.02
103.94 380.48
C
104.61 379.94
105.39 379.67
106.27 379.67
C
107.37 379.67
108.32 380.1
109.12 380.97
C
109.91 381.83
110.31 382.93
110.31 384.25
C
110.31 384.67
110.27 385.06
110.19 385.44
C
110.1 385.81
109.94 386.28
109.7 386.83
C
109.58 387.14
109.52 387.4
109.52 387.61
C
109.52 387.78
109.58 387.95
109.71 388.14
C
109.84 388.33
110.04 388.48
110.3 388.61
C
110.3 388.97 L
105.3 388.97 L
105.3 388.61 L
106.7 388.32
107.78 387.76
108.52 386.95
C
109.26 386.13
109.63 385.25
109.63 384.31
C
109.63 383.58
109.43 383
109.03 382.56
C
108.64 382.12
108.17 381.91
107.64 381.91
C
107.33 381.91
107.03 381.99
106.73 382.16
C
106.44 382.32
106.16 382.58
105.9 382.91
C
105.63 383.25
105.29 383.85
104.88 384.72
C
104.28 385.92
103.78 386.78
103.36 387.31
C
102.94 387.84
102.48 388.25
101.96 388.53
C
101.45 388.81
100.88 388.95
100.27 388.95
C
99.21 388.95
98.32 388.56
97.57 387.79
C
96.83 387.01
96.45 386.04
96.45 384.86
C
96.45 384.43
96.51 384.02
96.61 383.61
C
96.69 383.31
96.84 382.93
97.05 382.49
C
97.26 382.05
97.36 381.74
97.36 381.58
C
97.36 381.4
97.31 381.27
97.2 381.17
C
97.1 381.08
96.85 380.98
96.45 380.89
C
96.45 380.61 L
110.38 374.14 M
103.61 377.08 L
102.58 377.53
101.95 377.86
101.71 378.07
C
101.48 378.28
101.32 378.54
101.23 378.83
C
100.88 378.83 L
100.88 373.98 L
101.23 373.98 L
101.24 374.3
101.3 374.52
101.41 374.65
C
101.52 374.78
101.66 374.84
101.81 374.84
C
102.06 374.84
102.55 374.68
103.28 374.36
C
106.86 372.8 L
104.09 371.73 L
103.1 371.35
102.42 371.16
102.05 371.16
C
101.8 371.16
101.6 371.24
101.46 371.4
C
101.32 371.56
101.24 371.84
101.23 372.23
C
100.88 372.23 L
100.88 369.19 L
101.23 369.19 L
101.27 369.49
101.38 369.73
101.58 369.92
C
101.78 370.11
102.45 370.42
103.61 370.86
C
110.38 373.47 L
112.06 374.12
113.1 374.61
113.5 374.94
C
114.04 375.39
114.31 375.95
114.31 376.62
C
114.31 377.17
114.16 377.6
113.85 377.94
C
113.54 378.27
113.17 378.44
112.73 378.44
C
112.36 378.44
112.05 378.32
111.8 378.09
C
111.55 377.86
111.42 377.58
111.42 377.23
C
111.42 376.91
111.53 376.65
111.73 376.45
C
111.94 376.25
112.27 376.15
112.7 376.14
C
112.95 376.14
113.11 376.11
113.19 376.06
C
113.26 376.01
113.3 375.93
113.3 375.83
C
113.3 375.67
113.2 375.51
113.02 375.34
C
112.73 375.08
112.11 374.78
111.14 374.42
C
110.38 374.14 L
100.88 364.59 M
102.05 364.59 L
101.54 364.12
101.17 363.68
100.94 363.25
C
100.71 362.82
100.59 362.36
100.59 361.86
C
100.59 361.27
100.76 360.77
101.09 360.38
C
101.41 359.99
101.82 359.73
102.31 359.61
C
102.69 359.5
103.4 359.45
104.45 359.45
C
108 359.45 L
108.71 359.45
109.15 359.39
109.32 359.26
C
109.49 359.13
109.6 358.86
109.64 358.47
C
110 358.47 L
110 363.08 L
109.64 363.08 L
109.6 362.73
109.46 362.49
109.22 362.34
C
109.05 362.24
108.65 362.19
108 362.19
C
103.94 362.19 L
103.2 362.19
102.73 362.22
102.53 362.27
C
102.33 362.33
102.18 362.43
102.07 362.57
C
101.96 362.71
101.91 362.86
101.91 363.03
C
101.91 363.59
102.31 364.11
103.11 364.59
C
108 364.59 L
108.69 364.59
109.12 364.53
109.3 364.41
C
109.49 364.28
109.6 364.05
109.64 363.7
C
110 363.7 L
110 368.31 L
109.64 368.31 L
109.61 367.93
109.49 367.66
109.28 367.5
C
109.14 367.39
108.71 367.33
108 367.33
C
102.84 367.33 L
102.16 367.33
101.73 367.39
101.56 367.52
C
101.4 367.64
101.29 367.91
101.23 368.31
C
100.88 368.31 L
100.88 364.59 L
97.53 353.7 M
100.88 353.7 L
100.88 351.53 L
101.83 351.53 L
101.83 353.7 L
107.47 353.7 L
108 353.7
108.34 353.68
108.49 353.63
C
108.64 353.59
108.77 353.5
108.86 353.37
C
108.95 353.25
109 353.14
109 353.03
C
109 352.6
108.68 352.2
108.03 351.83
C
108.25 351.53 L
109.5 352.06
110.13 352.92
110.13 354.11
C
110.13 354.68
109.96 355.17
109.64 355.57
C
109.32 355.97
108.96 356.23
108.56 356.34
C
108.34 356.41
107.74 356.44
106.77 356.44
C
101.83 356.44 L
101.83 357.62 L
101.5 357.62 L
100.92 356.8
100.3 356.1
99.66 355.53
C
99.02 354.96
98.31 354.46
97.53 354.03
C
97.53 353.7 L
96.75 346.59 M
102.05 346.59 L
101.52 346.09
101.14 345.64
100.92 345.22
C
100.7 344.8
100.59 344.37
100.59 343.92
C
100.59 343.35
100.76 342.86
101.09 342.45
C
101.41 342.05
101.8 341.78
102.23 341.64
C
102.67 341.5
103.41 341.44
104.45 341.44
C
108.02 341.44 L
108.71 341.44
109.15 341.37
109.32 341.24
C
109.49 341.11
109.6 340.85
109.64 340.45
C
110 340.45 L
110 345.08 L
109.64 345.08 L
109.6 344.75
109.47 344.51
109.25 344.34
C
109.08 344.23
108.67 344.17
108.02 344.17
C
103.94 344.17 L
103.19 344.17
102.72 344.2
102.52 344.26
C
102.33 344.31
102.18 344.41
102.07 344.55
C
101.96 344.7
101.91 344.85
101.91 345.03
C
101.91 345.29
102 345.55
102.18 345.8
C
102.36 346.05
102.68 346.31
103.13 346.59
C
108.02 346.59 L
108.67 346.59
109.08 346.55
109.23 346.45
C
109.45 346.33
109.59 346.07
109.64 345.69
C
110 345.69 L
110 350.31 L
109.64 350.31 L
109.61 349.93
109.49 349.66
109.28 349.5
C
109.14 349.39
108.71 349.33
108.02 349.33
C
98.73 349.33 L
98.05 349.33
97.62 349.39
97.45 349.52
C
97.29 349.64
97.18 349.91
97.13 350.31
C
96.75 350.31 L
96.75 346.59 L
105.11 331.59 M
105.11 336.59 L
106.32 336.54
107.28 336.22
107.98 335.64
C
108.52 335.18
108.78 334.64
108.78 334.02
C
108.78 333.62
108.67 333.26
108.46 332.95
C
108.25 332.63
107.85 332.29
107.28 331.92
C
107.5 331.59 L
108.51 332.08
109.23 332.63
109.65 333.23
C
110.07 333.83
110.28 334.52
110.28 335.31
C
110.28 336.67
109.76 337.69
108.7 338.39
C
107.87 338.95
106.83 339.23
105.58 339.23
C
104.06 339.23
102.85 338.82
101.95 337.99
C
101.04 337.16
100.59 336.2
100.59 335.09
C
100.59 334.17
100.97 333.36
101.73 332.69
C
102.49 332.01
103.62 331.65
105.11 331.59
C
104.45 334 M
103.4 334
102.68 334.05
102.29 334.16
C
101.9 334.27
101.6 334.45
101.41 334.7
C
101.29 334.84
101.23 335.02
101.23 335.25
C
101.23 335.58
101.4 335.86
101.73 336.08
C
102.31 336.46
103.1 336.66
104.11 336.66
C
104.45 336.66 L
104.45 334 L
97.53 326.7 M
100.88 326.7 L
100.88 324.53 L
101.83 324.53 L
101.83 326.7 L
107.47 326.7 L
108 326.7
108.34 326.68
108.49 326.63
C
108.64 326.59
108.77 326.5
108.86 326.37
C
108.95 326.25
109 326.14
109 326.03
C
109 325.6
108.68 325.2
108.03 324.83
C
108.25 324.53 L
109.5 325.06
110.13 325.92
110.13 327.11
C
110.13 327.68
109.96 328.17
109.64 328.57
C
109.32 328.97
108.96 329.23
108.56 329.34
C
108.34 329.41
107.74 329.44
106.77 329.44
C
101.83 329.44 L
101.83 330.62 L
101.5 330.62 L
100.92 329.8
100.3 329.1
99.66 328.53
C
99.02 327.96
98.31 327.46
97.53 327.03
C
97.53 326.7 L
96.44 321.12 M
96.44 320.71
96.59 320.35
96.88 320.05
C
97.18 319.76
97.54 319.61
97.95 319.61
C
98.37 319.61
98.73 319.76
99.02 320.05
C
99.32 320.35
99.47 320.71
99.47 321.12
C
99.47 321.54
99.32 321.9
99.02 322.19
C
98.73 322.48
98.37 322.62
97.95 322.62
C
97.54 322.62
97.18 322.48
96.88 322.19
C
96.59 321.9
96.44 321.54
96.44 321.12
C
100.88 319.77 M
108.11 319.77 L
108.76 319.77
109.17 319.69
109.34 319.54
C
109.52 319.39
109.62 319.09
109.64 318.66
C
110 318.66 L
110 323.59 L
109.64 323.59 L
109.63 323.19
109.52 322.89
109.3 322.69
C
109.15 322.56
108.76 322.5
108.11 322.5
C
102.77 322.5 L
102.13 322.5
101.72 322.57
101.54 322.72
C
101.36 322.86
101.26 323.16
101.23 323.59
C
100.88 323.59 L
100.88 319.77 L
107.64 309.87 M
107.88 309.58 L
108.69 310
109.29 310.54
109.69 311.18
C
110.08 311.82
110.28 312.5
110.28 313.22
C
110.28 314.44
109.82 315.41
108.9 316.14
C
107.98 316.87
106.87 317.23
105.58 317.23
C
104.34 317.23
103.24 316.9
102.3 316.23
C
101.16 315.44
100.59 314.34
100.59 312.94
C
100.59 311.99
100.83 311.24
101.3 310.68
C
101.78 310.12
102.31 309.84
102.91 309.84
C
103.27 309.84
103.57 309.96
103.79 310.18
C
104.01 310.4
104.13 310.7
104.13 311.06
C
104.13 311.45
104 311.77
103.74 312.02
C
103.49 312.27
103.03 312.42
102.38 312.48
C
101.97 312.53
101.68 312.62
101.52 312.77
C
101.36 312.91
101.28 313.09
101.28 313.3
C
101.28 313.61
101.45 313.87
101.78 314.09
C
102.28 314.43
103.05 314.59
104.08 314.59
C
104.94 314.59
105.77 314.46
106.55 314.19
C
107.33 313.92
107.91 313.54
108.3 313.06
C
108.58 312.71
108.72 312.29
108.72 311.8
C
108.72 311.47
108.64 311.17
108.49 310.88
C
108.34 310.6
108.06 310.26
107.64 309.87
C
106.23 296.67 M
106.23 301.36 L
107.52 301.91 L
107.94 302.09
108.3 302.19
108.58 302.19
C
108.95 302.19
109.23 302.04
109.41 301.73
C
109.51 301.56
109.59 301.12
109.64 300.44
C
110 300.44 L
110 304.84 L
109.64 304.84 L
109.57 304.36
109.37 303.97
109.05 303.67
C
108.72 303.37
108.06 302.99
107.05 302.53
C
96.48 297.8 L
96.48 297.61 L
107.34 292.84 L
108.38 292.39
109.02 292.01
109.28 291.72
C
109.49 291.5
109.61 291.19
109.64 290.78
C
110 290.78 L
110 297.19 L
109.64 297.19 L
109.64 296.92 L
109.64 296.41
109.57 296.05
109.42 295.84
C
109.32 295.7
109.17 295.62
108.97 295.62
C
108.85 295.62
108.73 295.65
108.61 295.69
C
108.56 295.7
108.31 295.79
107.88 295.97
C
106.23 296.67 L
105.5 297.02 M
100.95 298.98 L
105.5 301.02 L
105.5 297.02 L
109.08 286.8 M
112.47 286.8 L
112.94 286.8
113.26 286.76
113.43 286.68
C
113.6 286.6
113.73 286.48
113.8 286.33
C
113.88 286.17
113.92 285.86
113.92 285.41
C
114.28 285.41 L
114.28 290.62 L
113.92 290.62 L
113.9 290.22
113.79 289.92
113.58 289.72
C
113.42 289.59
113.03 289.53
112.41 289.53
C
102.77 289.53 L
102.13 289.53
101.72 289.6
101.54 289.75
C
101.36 289.9
101.26 290.19
101.23 290.62
C
100.88 290.62 L
100.88 286.8 L
102.06 286.8 L
101.59 286.47
101.26 286.15
101.05 285.81
C
100.74 285.33
100.59 284.82
100.59 284.27
C
100.59 283.59
100.8 282.98
101.23 282.43
C
101.65 281.88
102.23 281.47
102.98 281.18
C
103.72 280.89
104.53 280.75
105.39 280.75
C
106.32 280.75
107.16 280.9
107.93 281.2
C
108.7 281.49
109.28 281.92
109.68 282.48
C
110.08 283.05
110.28 283.67
110.28 284.36
C
110.28 284.86
110.17 285.33
109.94 285.77
C
109.77 286.09
109.48 286.43
109.08 286.8
C
108.08 286.8 M
108.88 286.23
109.28 285.64
109.28 285
C
109.28 284.65
109.09 284.35
108.72 284.12
C
108.18 283.78
107.14 283.61
105.59 283.61
C
104.02 283.61
102.94 283.8
102.36 284.17
C
101.97 284.42
101.78 284.75
101.78 285.17
C
101.78 285.83
102.26 286.37
103.22 286.8
C
108.08 286.8 L
105.11 271.59 M
105.11 276.59 L
106.32 276.54
107.28 276.22
107.98 275.64
C
108.52 275.18
108.78 274.64
108.78 274.02
C
108.78 273.62
108.67 273.26
108.46 272.95
C
108.25 272.63
107.85 272.29
107.28 271.92
C
107.5 271.59 L
108.51 272.08
109.23 272.63
109.65 273.23
C
110.07 273.83
110.28 274.52
110.28 275.31
C
110.28 276.67
109.76 277.69
