%!PS-Adobe-3.0 EPSF-3.0
%%Creator: (MATLAB, The MathWorks, Inc. Version 25.2.0.3042426 R2025b Update 1. Operating System: Microsoft Windows 11 专业版)
%%Title: ./fig4_improvement_ratio.eps
%%CreationDate: 2025-12-07T00:04:26
%%Pages: (atend)
%%BoundingBox:    0     0   554   326
%%LanguageLevel: 3
%%EndComments
/bd{bind def}bind def
/ld{load def}bd
/GR/grestore ld
/GS/gsave ld
/RM/rmoveto ld
/C/curveto ld
/t/show ld
/L/lineto ld
/RL/rlineto ld
/ML/setmiterlimit ld
/CT/concat ld
/f/fill ld
/N/newpath ld
/S/stroke ld
/CC/setcmykcolor ld
/A/ashow ld
/cp/closepath ld
/RC/setrgbcolor ld
/LJ/setlinejoin ld
/GC/setgray ld
/LW/setlinewidth ld
/LC/setlinecap ld
/LJ/setlinejoin ld
/SD/setdash ld
/M/moveto ld
/TX/translate ld
/R/rotate ld
/SC/scale ld

/CIRC {0 360 arc}bd
/F {exch findfont exch scalefont setfont}bd
/edef{ exch def } def
/scaleImg{ % width height outputDPI scaleImg
   /outputDPI edef
   /height edef
   /width edef
   /psDPI 72 def
   /sDPI psDPI outputDPI div def % DPI scale
   width sDPI mul % width * (psDPI / outputDPI)
   height sDPI mul
   scale
} def

% LineAttribute methods.linewidth linejoin linecap [dashpattern] dashOffset colorVal(s) <method>
/LAG {setgray setdash setlinecap setlinejoin setlinewidth} bd
/LAR {setrgbcolor setdash setlinecap setlinejoin setlinewidth} bd
/LAC {setcmykcolor setdash setlinecap setlinejoin setlinewidth} bd

% draw line impl
/DL { % VertexList NVerts StartPt DL
  N moveto { lineto } repeat stroke} def
% draw unfilled polyline impl
/DPL { % VertexList NVerts StartPt DPL
  N moveto { lineto } repeat closepath stroke} def
% draw filled polyline impl
/DPLF { % VertexList NVerts StartPt DPLF
  N moveto { lineto } repeat closepath fill } def
/DRL { % VertexList NVerts StartPt DRL
  N moveto { rlineto } repeat stroke} def
% draw unfilled polyline impl
/DRPL { % VertexList NVerts StartPt DRPL
  N moveto { rlineto } repeat closepath stroke} def
% draw filled polyline impl
/DRPLF { % VertexList NVerts StartPt DRPLF
  N moveto { rlineto } repeat closepath fill } def

%%Page: 1 1
%%PageBoundingBox:    0     0   554   326
%%BeginPageSetup
N
0 0 M
553.2 0 L
553.2 325.94 L
0 325.94 L
cp
clip
1.00 GC
0 325.94 553.2 325.94 553.2 0 3 0 0 DPLF
[   0.6 0 0  -0.6 0 325.942] CT
%%EndPageSetup
-96 -19.75 TX
1.00 LW
1018 42 1018 478 146 478 3 146 42 DPLF
0.83 2 0 [] 0 0.87 LAG
199.63 478 1 199.63 42 DL
308.88 478 1 308.88 42 DL
418.13 478 1 418.13 42 DL
527.38 478 1 527.38 42 DL
636.62 478 1 636.62 42 DL
745.87 478 1 745.87 42 DL
855.12 478 1 855.12 42 DL
964.37 478 1 964.37 42 DL
1018 478 1 146 478 DL
1018 423.5 1 146 423.5 DL
1018 369 1 146 369 DL
1018 314.5 1 146 314.5 DL
1018 260 1 146 260 DL
1018 205.5 1 146 205.5 DL
1018 151 1 146 151 DL
1018 96.5 1 146 96.5 DL
1018 42 1 146 42 DL
/Times-Bold 21.6667 F
0.13 GC
GS
360 33.75 M
1 -1 scale
(RMSE Improvement over Static at SNR = -10 dB) t
GR
1018 478 1 146 478 DL
0.85 0.33 0.10 RC
177.78 438.08 177.78 478 161.89 478 3 161.89 438.08 DPLF
287.03 202.44 287.03 478 271.14 478 3 271.14 202.44 DPLF
396.28 343.09 396.28 478 380.39 478 3 380.39 343.09 DPLF
505.53 457.57 505.53 478 489.64 478 3 489.64 457.57 DPLF
614.77 389.47 614.77 478 598.88 478 3 598.88 389.47 DPLF
724.02 369.02 724.02 478 708.13 478 3 708.13 369.02 DPLF
833.27 475.45 833.27 478 817.38 478 3 817.38 475.45 DPLF
942.52 306.51 942.52 478 926.63 478 3 926.63 306.51 DPLF
0.83 0 0 [] 0 0.13 LAG
177.78 478 177.78 438.08 161.89 438.08 3 161.89 478 DPL
287.03 478 287.03 202.44 271.14 202.44 3 271.14 478 DPL
396.28 478 396.28 343.09 380.39 343.09 3 380.39 478 DPL
505.53 478 505.53 457.57 489.64 457.57 3 489.64 478 DPL
614.77 478 614.77 389.47 598.88 389.47 3 598.88 478 DPL
724.02 478 724.02 369.02 708.13 369.02 3 708.13 478 DPL
833.27 478 833.27 475.45 817.38 475.45 3 817.38 478 DPL
942.52 478 942.52 306.51 926.63 306.51 3 926.63 478 DPL
0.00 0.45 0.74 RC
197.64 450.86 197.64 478 181.75 478 3 181.75 450.86 DPLF
306.89 309.68 306.89 478 291 478 3 291 309.68 DPLF
416.14 292.29 416.14 478 400.25 478 3 400.25 292.29 DPLF
525.39 450.44 525.39 478 509.5 478 3 509.5 450.44 DPLF
634.64 434.18 634.64 478 618.75 478 3 618.75 434.18 DPLF
743.89 356.61 743.89 478 728 478 3 728 356.61 DPLF
853.13 473.99 853.13 478 837.24 478 3 837.24 473.99 DPLF
962.38 383.1 962.38 478 946.49 478 3 946.49 383.1 DPLF
0.83 0 0 [] 0 0.13 LAG
197.64 478 197.64 450.86 181.75 450.86 3 181.75 478 DPL
306.89 478 306.89 309.68 291 309.68 3 291 478 DPL
416.14 478 416.14 292.29 400.25 292.29 3 400.25 478 DPL
525.39 478 525.39 450.44 509.5 450.44 3 509.5 478 DPL
634.64 478 634.64 434.18 618.75 434.18 3 618.75 478 DPL
743.89 478 743.89 356.61 728 356.61 3 728 478 DPL
853.13 478 853.13 473.99 837.24 473.99 3 837.24 478 DPL
962.38 478 962.38 383.1 946.49 383.1 3 946.49 478 DPL
0.47 0.67 0.19 RC
217.51 464.91 217.51 478 201.62 478 3 201.62 464.91 DPLF
326.76 444.51 326.76 478 310.87 478 3 310.87 444.51 DPLF
436 70.13 436 478 420.11 478 3 420.11 70.13 DPLF
545.25 474.17 545.25 478 529.36 478 3 529.36 474.17 DPLF
654.5 469.94 654.5 478 638.61 478 3 638.61 469.94 DPLF
763.75 459.35 763.75 478 747.86 478 3 747.86 459.35 DPLF
873 477.58 873 478 857.11 478 3 857.11 477.58 DPLF
982.25 446.25 982.25 478 966.36 478 3 966.36 446.25 DPLF
0.83 0 0 [] 0 0.13 LAG
217.51 478 217.51 464.91 201.62 464.91 3 201.62 478 DPL
326.76 478 326.76 444.51 310.87 444.51 3 310.87 478 DPL
436 478 436 70.13 420.11 70.13 3 420.11 478 DPL
545.25 478 545.25 474.17 529.36 474.17 3 529.36 478 DPL
654.5 478 654.5 469.94 638.61 469.94 3 638.61 478 DPL
763.75 478 763.75 459.35 747.86 459.35 3 747.86 478 DPL
873 478 873 477.58 857.11 477.58 3 857.11 478 DPL
982.25 478 982.25 446.25 966.36 446.25 3 966.36 478 DPL
0.49 0.18 0.56 RC
237.37 439.06 237.37 478 221.48 478 3 221.48 439.06 DPLF
346.62 374.86 346.62 478 330.73 478 3 330.73 374.86 DPLF
455.87 331.99 455.87 478 439.98 478 3 439.98 331.99 DPLF
565.12 446.58 565.12 478 549.23 478 3 549.23 446.58 DPLF
674.36 441.66 674.36 478 658.47 478 3 658.47 441.66 DPLF
783.61 370.7 783.61 478 767.72 478 3 767.72 370.7 DPLF
892.86 473.74 892.86 478 876.97 478 3 876.97 473.74 DPLF
1002.11 404.23 1002.11 478 986.22 478 3 986.22 404.23 DPLF
0.83 0 0 [] 0 0.13 LAG
237.37 478 237.37 439.06 221.48 439.06 3 221.48 478 DPL
346.62 478 346.62 374.86 330.73 374.86 3 330.73 478 DPL
455.87 478 455.87 331.99 439.98 331.99 3 439.98 478 DPL
565.12 478 565.12 446.58 549.23 446.58 3 549.23 478 DPL
674.36 478 674.36 441.66 658.47 441.66 3 658.47 478 DPL
783.61 478 783.61 370.7 767.72 370.7 3 767.72 478 DPL
892.86 478 892.86 473.74 876.97 473.74 3 876.97 478 DPL
1002.11 478 1002.11 404.23 986.22 404.23 3 986.22 478 DPL
/Times-Bold 20.1667 F
GS
492.5 558.99 M
1 -1 scale
(Array Configuration) t
GR
0.83 2 2 [] 0 0.13 LAG
1018 478 1 146 478 DL
1018 42 1 146 42 DL
199.63 469.28 1 199.63 478 DL
199.63 42 1 199.63 50.72 DL
308.88 469.28 1 308.88 478 DL
308.88 42 1 308.88 50.72 DL
418.13 469.28 1 418.13 478 DL
418.13 42 1 418.13 50.72 DL
527.38 469.28 1 527.38 478 DL
527.38 42 1 527.38 50.72 DL
636.62 469.28 1 636.62 478 DL
636.62 42 1 636.62 50.72 DL
745.87 469.28 1 745.87 478 DL
745.87 42 1 745.87 50.72 DL
855.12 469.28 1 855.12 478 DL
855.12 42 1 855.12 50.72 DL
964.37 469.28 1 964.37 478 DL
964.37 42 1 964.37 50.72 DL
/Times-Roman 18.3333 F
GS
163.1 525.72 M
1 -1 scale
30 R
(ULA-8) t
GR
GS
255.89 535.22 M
1 -1 scale
30 R
(URA-3x3) t
GR
GS
365.14 535.22 M
1 -1 scale
30 R
(URA-4x2) t
GR
GS
495.17 523.22 M
N
502.46 515.21 M
502.74 515.12 L
503.48 518.43 L
495.48 523.04 L
495.32 522.76 L
495.71 522.53 L
496.15 522.28
496.38 521.96
496.4 521.57
C
496.42 521.35
496.25 520.94
495.91 520.34
C
492.07 513.69 L
491.7 513.04
491.39 512.69
491.15 512.61
C
490.83 512.5
490.47 512.55
490.08 512.78
C
489.69 513 L
489.52 512.72 L
494.19 510.02 L
494.36 510.31 L
493.81 510.61
493.46 510.88
493.3 511.12
C
493.14 511.35
493.07 511.57
493.08 511.78
C
493.09 511.99
493.27 512.4
493.63 513.02
C
497.37 519.5 L
497.62 519.92
497.83 520.19
498 520.31
C
498.12 520.37
498.26 520.39
498.42 520.37
C
498.58 520.36
498.98 520.16
499.64 519.78
C
500.4 519.34 L
501.19 518.88
501.72 518.5
501.97 518.2
C
502.22 517.9
502.39 517.52
502.48 517.07
C
502.57 516.62
502.56 516
502.46 515.21
C
511.22 506.07 M
510.56 504.94
509.98 503.98
509.46 503.19
C
511.22 502.99 L
510.92 503.74 L
511.97 505.57 L
513.5 504.68 L
513.82 503.43 L
515.54 504 L
512.18 505.93 L
513.73 508.61 L
515.99 507.31 L
516.35 505.96 L
518.15 506.55 L
513.94 508.98 L
515.02 510.84
515.76 512.07
516.16 512.66
C
515.48 513.61 L
514.59 511.96
513.82 510.59
513.19 509.48
C
510.87 510.82 L
510.34 511.13
509.89 511.47
509.52 511.85
C
508.64 511.62 L
512.97 509.12 L
511.43 506.44 L
509.11 507.78 L
508.91 508.54 L
507.72 508.18 L
508.03 507.59 L
507.76 505.8
507.48 504.28
507.19 503.04
C
506.88 503.22 L
506.36 503.52
505.91 503.87
505.53 504.25
C
504.67 504.01 L
507.1 502.6 L
506.72 501.2
506.41 500.24
506.17 499.73
C
507.84 499.67 L
507.57 500.32 L
507.89 502.15 L
511.18 500.25 L
511.58 498.98 L
513.34 499.49 L
508.04 502.55 L
508.9 507.41 L
511.22 506.07 L
504.25 508.07 M
505.39 508.28
506.28 508.57
506.9 508.94
C
507.52 509.31
507.98 509.83
508.28 510.49
C
508.58 511.16
508.64 511.75
508.45 512.26
C
508.26 512.78
507.97 513.2
507.57 513.54
C
507.27 513.02
506.61 512.86
505.58 513.06
C
505.44 512.82 L
505.89 512.67
506.32 512.47
506.73 512.24
C
507.1 512.02
507.33 511.8
507.43 511.55
C
507.53 511.31
507.32 510.82
506.79 510.1
C
506.27 509.37
505.32 508.76
503.94 508.25
C
503.12 504.02 L
500.68 505.43 L
507.68 517.55 L
507.07 518.46 L
506.3 517.01
504.91 514.56
502.92 511.11
C
500.93 507.66
499.71 505.6
499.27 504.94
C
500.47 505.06 L
502.86 503.69 L
502.95 502.73 L
504.51 503.05 L
504.24 503.42
504.11 504
504.1 504.79
C
504.09 505.58
504.14 506.67
504.25 508.07
C
515.23 496.87 M
521.63 493.17 L
521.95 491.92 L
523.79 492.41 L
519.77 494.73 L
520.01 495.89
520.19 496.95
520.3 497.91
C
522.74 496.5 L
522.93 495.58 L
524.5 495.9 L
524.1 496.61 L
524.61 498.43
524.89 499.92
524.93 501.08
C
524.98 502.24
524.82 503.49
524.45 504.82
C
524.07 506.14
523.28 507.67
522.07 509.41
C
521.84 509.29 L
523.02 507.2
523.71 505.23
523.91 503.38
C
524.11 501.54
523.83 499.34
523.07 496.79
C
520.39 498.34 L
520.42 498.87
520.44 499.43
520.46 500.02
C
522 500.26
522.88 500.62
523.07 501.1
C
523.27 501.58
523.33 501.93
523.24 502.15
C
523.03 502.5 L
522.87 502.6
522.63 502.41
522.31 501.94
C
521.88 501.39
521.27 500.85
520.48 500.33
C
520.33 501.76
520.07 503.18
519.69 504.59
C
519.41 504.52 L
519.61 502.72
519.65 501.1
519.52 499.66
C
519.39 498.22
519.11 496.79
518.67 495.36
C
517.46 496.07 L
516.92 496.38
516.47 496.72
516.1 497.09
C
515.23 496.87 L
529.36 501.37 M
528.58 499.92
527.75 498.43
526.86 496.88
C
525.97 495.34
525.18 494.04
524.51 492.97
C
526.16 492.74 L
525.95 493.51 L
528.84 498.5 L
529.24 499.19
529.65 499.85
530.07 500.48
C
529.36 501.37 L
527.71 491.61 M
526.87 490.15
526.28 489.19
525.95 488.73
C
527.71 488.52 L
527.51 489.29 L
533.8 500.18 L
534.42 501.18
534.3 502.15
533.43 503.08
C
533 502.42
531.97 502.36
530.34 502.92
C
530.2 502.67 L
531.38 502.1
532.18 501.7
532.6 501.49
C
533.02 501.27
533.07 500.9
532.77 500.38
C
527.71 491.61 L
cp
f
GR
GS
604.42 523.22 M
N
607.49 507.69 M
608.99 510.05 L
608.71 510.21 L
608.4 509.82
608.15 509.57
607.95 509.44
C
607.62 509.23
607.28 509.14
606.94 509.15
C
606.6 509.16
606.21 509.29
605.79 509.53
C
604.34 510.37 L
608.9 518.26 L
609.26 518.89
609.56 519.25
609.79 519.33
C
610.1 519.43
610.45 519.36
610.86 519.13
C
611.21 518.92 L
611.38 519.21 L
607.01 521.73 L
606.84 521.45 L
607.21 521.24 L
607.64 520.99
607.87 520.68
607.9 520.31
C
607.92 520.08
607.77 519.68
607.44 519.1
C
602.88 511.21 L
601.64 511.93 L
601.16 512.21
600.84 512.44
600.67 512.63
C
600.47 512.88
600.35 513.2
600.31 513.58
C
600.28 513.96
600.38 514.39
600.62 514.88
C
600.33 515.05 L
599.06 512.55 L
607.49 507.69 L
620.47 506.07 M
619.81 504.94
619.22 503.98
618.71 503.19
C
620.47 502.99 L
620.16 503.74 L
621.22 505.57 L
622.75 504.68 L
623.07 503.43 L
624.79 504 L
621.43 505.93 L
622.98 508.61 L
625.24 507.31 L
625.6 505.96 L
627.4 506.55 L
623.19 508.98 L
624.27 510.84
625 512.07
625.4 512.66
C
624.73 513.61 L
623.83 511.96
623.07 510.59
622.43 509.48
C
620.12 510.82 L
619.59 511.13
619.14 511.47
618.77 511.85
C
617.89 511.62 L
622.22 509.12 L
620.68 506.44 L
618.36 507.78 L
618.16 508.54 L
616.97 508.18 L
617.28 507.59 L
617 505.8
616.72 504.28
616.44 503.04
C
616.13 503.22 L
615.61 503.52
615.15 503.87
614.78 504.25
C
613.92 504.01 L
616.35 502.6 L
615.97 501.2
615.66 500.24
615.42 499.73
C
617.09 499.67 L
616.82 500.32 L
617.14 502.15 L
620.42 500.25 L
620.82 498.98 L
622.58 499.49 L
617.29 502.55 L
618.15 507.41 L
620.47 506.07 L
613.5 508.07 M
614.64 508.28
615.52 508.57
616.15 508.94
C
616.77 509.31
617.23 509.83
617.53 510.49
C
617.83 511.16
617.89 511.75
617.7 512.26
C
617.51 512.78
617.21 513.2
616.82 513.54
C
616.52 513.02
615.85 512.86
614.83 513.06
C
614.69 512.82 L
615.14 512.67
615.57 512.47
615.98 512.24
C
616.35 512.02
616.58 511.8
616.68 511.55
C
616.78 511.31
616.57 510.82
616.04 510.1
C
615.51 509.37
614.56 508.76
613.19 508.25
C
612.37 504.02 L
609.93 505.43 L
616.93 517.55 L
616.32 518.46 L
615.54 517.01
614.16 514.56
612.17 511.11
C
610.18 507.66
608.96 505.6
608.52 504.94
C
609.72 505.06 L
612.1 503.69 L
612.2 502.73 L
613.76 503.05 L
613.49 503.42
613.35 504
613.35 504.79
C
613.34 505.58
613.39 506.67
613.5 508.07
C
624.48 496.87 M
630.88 493.17 L
631.2 491.92 L
633.04 492.41 L
629.02 494.73 L
629.26 495.89
629.43 496.95
629.55 497.91
C
631.99 496.5 L
632.18 495.58 L
633.75 495.9 L
633.35 496.61 L
633.86 498.43
634.13 499.92
634.18 501.08
C
634.23 502.24
634.06 503.49
633.69 504.82
C
633.32 506.14
632.53 507.67
631.32 509.41
C
631.09 509.29 L
632.27 507.2
632.95 505.23
633.16 503.38
C
633.36 501.54
633.08 499.34
632.32 496.79
C
629.64 498.34 L
629.67 498.87
629.69 499.43
629.71 500.02
C
631.25 500.26
632.12 500.62
632.32 501.1
C
632.52 501.58
632.58 501.93
632.49 502.15
C
632.28 502.5 L
632.12 502.6
631.88 502.41
631.56 501.94
C
631.13 501.39
630.52 500.85
629.73 500.33
C
629.58 501.76
629.32 503.18
628.94 504.59
C
628.66 504.52 L
628.86 502.72
628.9 501.1
628.77 499.66
C
628.64 498.22
628.36 496.79
627.92 495.36
C
626.7 496.07 L
626.17 496.38
625.72 496.72
625.34 497.09
C
624.48 496.87 L
638.61 501.37 M
637.83 499.92
637 498.43
636.11 496.88
C
635.21 495.34
634.43 494.04
633.76 492.97
C
635.41 492.74 L
635.2 493.51 L
638.09 498.5 L
638.49 499.19
638.9 499.85
639.32 500.48
C
638.61 501.37 L
636.96 491.61 M
636.11 490.15
635.53 489.19
635.2 488.73
C
636.96 488.52 L
636.76 489.29 L
643.04 500.18 L
643.67 501.18
643.55 502.15
642.68 503.08
C
642.25 502.42
641.22 502.36
639.59 502.92
C
639.45 502.67 L
640.63 502.1
641.43 501.7
641.85 501.49
C
642.27 501.27
642.32 500.9
642.02 500.38
C
636.96 491.61 L
cp
f
GR
GS
710.21 525.22 M
N
710.92 514.65 M
710.54 513.89
710.26 513.34
710.06 513
C
709.86 512.66
709.54 512.15
709.09 511.48
C
710.23 511.48 L
713.95 509.33 L
714 508.58 L
715.29 508.72 L
715.08 509.33 L
715.55 510.14
715.92 510.74
716.19 511.12
C
715.52 511.92 L
715.2 511.37 L
711.42 513.55 L
711.6 513.86 L
710.92 514.65 L
710.4 515.28 M
711.5 515.22 L
716.37 512.41 L
716.51 511.68 L
717.81 511.81 L
717.54 512.45 L
718.41 513.96
719.01 514.97
719.35 515.47
C
718.75 516.39 L
716.64 512.74 L
711.71 515.58 L
713.68 518.99 L
713.07 519.91 L
712.59 518.99
712.15 518.18
711.74 517.47
C
711.33 516.76
710.88 516.03
710.4 515.28
C
714.19 514.97 M
715.79 514.93 L
715.67 515.27
715.76 515.95
716.08 516.96
C
716.35 517.99
716.3 518.97
715.94 519.88
C
715.57 520.8
714.9 521.78
713.94 522.81
C
713.68 522.64 L
714.87 521.15
715.43 519.82
715.36 518.67
C
715.29 517.52
714.9 516.29
714.19 514.97
C
716.81 517.26 M
718.51 516.82
719.63 516.62
720.19 516.65
C
720.75 516.68
721.1 516.93
721.24 517.39
C
721.37 517.86
721.4 518.11
721.32 518.16
C
721.19 518.23
720.98 518.19
720.67 518.04
C
720.05 517.8
718.76 517.62
716.8 517.52
C
716.81 517.26 L
710.44 511.84 M
711.21 513.18 L
714.99 511 L
714.21 509.67 L
710.44 511.84 L
712.94 525.59 M
712.46 524.68
712.07 523.95
711.76 523.42
C
706.25 513.87 L
705.97 513.38
705.55 512.7
705 511.83
C
706.19 511.79 L
716.05 506.1 L
716.19 505.21 L
717.61 505.43 L
717.32 506.17 L
723.3 516.53 L
723.58 517.01
723.95 517.61
724.41 518.32
C
723.75 519.28 L
723.12 518.18 L
713.19 523.92 L
713.61 524.65 L
712.94 525.59 L
706.4 512.16 M
712.97 523.54 L
722.9 517.8 L
716.33 506.42 L
706.4 512.16 L
732.31 504.57 M
731.66 503.44
731.07 502.48
730.56 501.69
C
732.32 501.49 L
732.01 502.24 L
733.07 504.07 L
734.59 503.18 L
734.92 501.93 L
736.63 502.5 L
733.28 504.43 L
734.82 507.11 L
737.08 505.81 L
737.44 504.46 L
739.24 505.05 L
735.03 507.48 L
736.11 509.34
736.85 510.57
737.25 511.16
C
736.57 512.11 L
735.68 510.46
734.92 509.09
734.28 507.98
C
731.97 509.32 L
731.43 509.63
730.98 509.97
730.61 510.35
C
729.74 510.12 L
734.07 507.62 L
732.52 504.94 L
730.21 506.28 L
730 507.04 L
728.82 506.68 L
729.13 506.09 L
728.85 504.3
728.57 502.78
728.29 501.54
C
727.98 501.72 L
727.45 502.02
727 502.37
726.62 502.75
C
725.76 502.51 L
728.2 501.1 L
727.82 499.7
727.51 498.74
727.26 498.23
C
728.94 498.17 L
728.66 498.82 L
728.98 500.65 L
732.27 498.75 L
732.67 497.48 L
734.43 497.99 L
729.14 501.05 L
730 505.91 L
732.31 504.57 L
725.35 506.57 M
726.49 506.78
727.37 507.07
727.99 507.44
C
728.61 507.81
729.08 508.33
729.38 508.99
C
729.68 509.66
729.73 510.25
729.54 510.76
C
729.35 511.28
729.06 511.7
728.66 512.04
C
728.36 511.52
727.7 511.36
726.68 511.56
C
726.54 511.32 L
726.99 511.17
727.42 510.97
727.82 510.74
C
728.19 510.52
728.43 510.3
728.53 510.05
C
728.63 509.81
728.41 509.32
727.89 508.6
C
727.36 507.87
726.41 507.26
725.04 506.75
C
724.22 502.52 L
721.78 503.93 L
728.78 516.05 L
728.17 516.96 L
727.39 515.51
726.01 513.06
724.01 509.61
C
722.02 506.16
720.81 504.1
720.36 503.44
C
721.57 503.56 L
723.95 502.19 L
724.05 501.23 L
725.61 501.55 L
725.34 501.92
725.2 502.5
725.19 503.29
C
725.18 504.08
725.24 505.17
725.35 506.57
C
739.67 502.78 M
743.6 500.51 L
744.27 501.66 L
740.33 503.93 L
739.67 502.78 L
746.57 497.3 M
745.37 497.1
744.54 496.87
744.06 496.6
C
743.59 496.33
743.22 495.98
742.97 495.53
C
742.58 494.87
742.51 494.14
742.75 493.35
C
742.99 492.57
743.53 491.93
744.39 491.43
C
745.22 490.95
746.02 490.79
746.79 490.95
C
747.57 491.12
748.12 491.49
748.45 492.06
C
748.67 492.44
748.76 492.91
748.72 493.47
C
748.67 494.03
748.38 494.84
747.83 495.89
C
749.12 496.06
750.02 496.26
750.54 496.49
C
751.22 496.78
751.73 497.21
752.07 497.79
C
752.48 498.51
752.56 499.29
752.31 500.13
C
752.05 500.97
751.47 501.65
750.57 502.17
C
749.6 502.73
748.65 502.86
747.75 502.56
C
747.03 502.32
746.5 501.91
746.17 501.32
C
745.91 500.87
745.8 500.33
745.84 499.7
C
745.89 499.07
746.13 498.27
746.57 497.3
C
747.29 495.8 M
747.59 494.9
747.72 494.24
747.7 493.83
C
747.68 493.42
747.56 493.01
747.32 492.61
C
747.02 492.07
746.63 491.74
746.15 491.61
C
745.68 491.48
745.18 491.57
744.66 491.87
C
744.15 492.17
743.81 492.56
743.66 493.04
C
743.51 493.53
743.55 493.97
743.78 494.38
C
743.93 494.64
744.15 494.87
744.44 495.05
C
744.73 495.24
745.07 495.38
745.44 495.48
C
747.29 495.8 L
747.1 497.37 M
746.88 497.98
746.79 498.55
746.83 499.08
C
746.87 499.61
747.03 500.12
747.31 500.61
C
747.69 501.27
748.17 501.69
748.75 501.88
C
749.33 502.06
749.9 502
750.45 501.68
C
751 501.36
751.35 500.95
751.5 500.45
C
751.65 499.95
751.6 499.48
751.35 499.05
C
751.14 498.68
750.85 498.41
750.5 498.23
C
749.82 497.89
748.69 497.61
747.1 497.37
C
cp
f
GR
GS
801.27 535.72 M
N
809.04 530.33 M
809.25 530.7
809.6 531.26
810.1 532.01
C
809.3 533.04 L
808.83 532.12
808.47 531.45
808.24 531.05
C
804.72 524.96 L
800.15 527.6 L
799.63 527.9
799.17 528.24
798.79 528.62
C
797.94 528.39 L
804.51 524.59 L
802.15 520.51 L
801.99 520.23
801.65 519.69
801.14 518.91
C
803.05 518.69 L
802.78 519.5 L
805.42 524.07 L
809.92 521.47 L
810.31 520.02 L
812.33 520.57 L
805.63 524.44 L
809.04 530.33 L
821.78 518.1 M
821.58 517.74
821.24 517.21
820.78 516.5
C
821.69 516.53 L
822.81 513.13 L
817.82 516.01 L
817.29 516.31
816.84 516.66
816.46 517.04
C
815.6 516.8 L
822.6 512.76 L
822.89 511.71 L
824.65 512.23 L
824 512.71
823.13 514.16
822.04 516.58
C
822.7 516.6 L
822.43 517.25 L
822.64 517.61 L
827.02 515.08 L
827.5 513.66 L
829.42 514.18 L
822.85 517.98 L
825.1 521.87 L
825.59 522.62
825.46 523.43
824.71 524.3
C
824.22 523.82
823.23 523.8
821.75 524.22
C
821.57 523.91 L
822.93 523.35
823.73 522.99
823.98 522.82
C
824.23 522.64
824.27 522.41
824.1 522.12
C
822 518.47 L
817.25 521.21 L
816.72 521.51
816.27 521.86
815.89 522.24
C
815.03 522 L
821.78 518.1 L
818.22 511.49 M
817.75 511.05
816.99 510.64
815.96 510.26
C
816.01 510.07 L
817.42 509.97
818.26 510.02
818.55 510.24
C
818.84 510.45
819 510.6
819.05 510.68
C
819.14 510.84
819.16 511.05
819.09 511.31
C
819.02 511.56
818.94 511.71
818.86 511.76
C
818.7 511.86
818.48 511.76
818.22 511.49
C
818.72 512.08 M
819.26 511.77 L
823.65 509.23 L
823.78 508.18 L
825.63 508.58 L
824.89 509.17
824.45 510.18
824.3 511.62
C
824.04 511.6 L
823.92 509.56 L
814.18 515.19 L
814.68 515.87
814.92 516.41
814.88 516.81
C
814.84 517.21
814.63 517.5
814.26 517.66
C
813.89 517.82
813.67 517.84
813.61 517.72
C
813.56 517.64
813.55 517.53
813.59 517.41
C
813.66 516.98
813.7 516.55
813.7 516.11
C
813.7 515.68
813.56 515.09
813.28 514.34
C
813.52 514.2 L
813.97 514.82 L
818.72 512.08 L
838.96 506.07 M
838.31 504.94
837.72 503.98
837.21 503.19
C
838.97 502.99 L
838.66 503.74 L
839.72 505.57 L
841.24 504.68 L
841.57 503.43 L
843.28 504 L
839.93 505.93 L
841.47 508.61 L
843.73 507.31 L
844.09 505.96 L
845.89 506.55 L
841.68 508.98 L
842.76 510.84
843.5 512.07
843.9 512.66
C
843.22 513.61 L
842.33 511.96
841.57 510.59
840.93 509.48
C
838.62 510.82 L
838.08 511.13
837.63 511.47
837.26 511.85
C
836.39 511.62 L
840.72 509.12 L
839.17 506.44 L
836.86 507.78 L
836.65 508.54 L
835.47 508.18 L
835.78 507.59 L
835.5 505.8
835.22 504.28
834.94 503.04
C
834.63 503.22 L
834.1 503.52
833.65 503.87
833.27 504.25
C
832.41 504.01 L
834.85 502.6 L
834.47 501.2
834.16 500.24
833.91 499.73
C
835.59 499.67 L
835.31 500.32 L
835.63 502.15 L
838.92 500.25 L
839.32 498.98 L
841.08 499.49 L
835.79 502.55 L
836.65 507.41 L
838.96 506.07 L
832 508.07 M
833.14 508.28
834.02 508.57
834.64 508.94
C
835.27 509.31
835.73 509.83
836.03 510.49
C
836.33 511.16
836.38 511.75
836.19 512.26
C
836 512.78
835.71 513.2
835.31 513.54
C
835.01 513.02
834.35 512.86
833.33 513.06
C
833.19 512.82 L
833.64 512.67
834.07 512.47
834.47 512.24
C
834.84 512.02
835.08 511.8
835.18 511.55
C
835.28 511.31
835.06 510.82
834.54 510.1
C
834.01 509.37
833.06 508.76
831.69 508.25
C
830.87 504.02 L
828.43 505.43 L
835.43 517.55 L
834.82 518.46 L
834.04 517.01
832.66 514.56
830.66 511.11
C
828.67 507.66
827.46 505.6
827.01 504.94
C
828.22 505.06 L
830.6 503.69 L
830.7 502.73 L
832.26 503.05 L
831.99 503.42
831.85 504
831.84 504.79
C
831.83 505.58
831.89 506.67
832 508.07
C
842.97 496.87 M
849.37 493.17 L
849.7 491.92 L
851.53 492.41 L
847.51 494.73 L
847.75 495.89
847.93 496.95
848.05 497.91
C
850.48 496.5 L
850.67 495.58 L
852.25 495.9 L
851.85 496.61 L
852.35 498.43
852.63 499.92
852.68 501.08
C
852.72 502.24
852.56 503.49
852.19 504.82
C
851.82 506.14
851.03 507.67
849.82 509.41
C
849.59 509.29 L
850.76 507.2
851.45 505.23
851.65 503.38
C
851.85 501.54
851.58 499.34
850.82 496.79
C
848.14 498.34 L
848.16 498.87
848.19 499.43
848.2 500.02
C
849.75 500.26
850.62 500.62
850.82 501.1
C
851.02 501.58
851.07 501.93
850.98 502.15
C
850.77 502.5 L
850.61 502.6
850.37 502.41
850.05 501.94
C
849.62 501.39
849.01 500.85
848.22 500.33
C
848.07 501.76
847.81 503.18
847.43 504.59
C
847.16 504.52 L
847.36 502.72
847.39 501.1
847.26 499.66
C
847.14 498.22
846.85 496.79
846.42 495.36
C
845.2 496.07 L
844.67 496.38
844.22 496.72
843.84 497.09
C
842.97 496.87 L
857.1 501.37 M
856.33 499.92
855.49 498.43
854.6 496.88
C
853.71 495.34
852.93 494.04
852.25 492.97
C
853.91 492.74 L
853.7 493.51 L
856.58 498.5 L
856.98 499.19
857.39 499.85
857.81 500.48
C
857.1 501.37 L
855.45 491.61 M
854.61 490.15
854.03 489.19
853.7 488.73
C
855.46 488.52 L
855.25 489.29 L
861.54 500.18 L
862.17 501.18
862.04 502.15
861.18 503.08
C
860.74 502.42
859.71 502.36
858.09 502.92
C
857.95 502.67 L
859.13 502.1
859.93 501.7
860.35 501.49
C
860.76 501.27
860.82 500.9
860.52 500.38
C
855.45 491.61 L
cp
f
GR
GS
930.43 524.22 M
N
931.9 509.61 M
935.5 507.53 L
935.67 507.81 L
935.46 507.93 L
935.34 508
935.18 508.17
935 508.44
C
934.81 508.7
934.67 509
934.59 509.34
C
934.5 509.68
934.45 510.18
934.44 510.85
C
934.22 516.21 L
935.71 518.8 L
936.07 519.43
936.37 519.78
936.61 519.86
C
936.92 519.96
937.28 519.89
937.7 519.65
C
938.04 519.45 L
938.2 519.74 L
933.82 522.27 L
933.65 521.99 L
934.02 521.77 L
934.45 521.52
934.68 521.22
934.71 520.85
C
934.74 520.62
934.58 520.22
934.25 519.64
C
932.83 517.19 L
927.51 514.51 L
926.87 514.19
926.46 514
926.27 513.94
C
926.08 513.89
925.74 513.88
925.27 513.93
C
925.14 513.93
924.98 513.99
924.79 514.1
C
924.62 513.81 L
929.03 511.26 L
929.2 511.55 L
928.97 511.68 L
928.73 511.82
928.55 512
928.41 512.23
C
928.27 512.46
928.27 512.69
928.4 512.91
C
928.5 513.09
928.85 513.33
929.44 513.63
C
933.51 515.7 L
933.69 511.36 L
933.72 510.7
933.67 510.26
933.54 510.04
C
933.45 509.89
933.34 509.78
933.21 509.71
C
933.07 509.64
932.91 509.61
932.74 509.63
C
932.56 509.65
932.34 509.74
932.07 509.89
C
931.9 509.61 L
948.21 506.07 M
947.55 504.94
946.97 503.98
946.46 503.19
C
948.21 502.99 L
947.91 503.74 L
948.96 505.57 L
950.49 504.68 L
950.82 503.43 L
952.53 504 L
949.17 505.93 L
950.72 508.61 L
952.98 507.31 L
953.34 505.96 L
955.14 506.55 L
950.93 508.98 L
952.01 510.84
952.75 512.07
953.15 512.66
C
952.47 513.61 L
951.58 511.96
950.81 510.59
950.18 509.48
C
947.87 510.82 L
947.33 511.13
946.88 511.47
946.51 511.85
C
945.64 511.62 L
949.97 509.12 L
948.42 506.44 L
946.11 507.78 L
945.9 508.54 L
944.72 508.18 L
945.03 507.59 L
944.75 505.8
944.47 504.28
944.18 503.04
C
943.87 503.22 L
943.35 503.52
942.9 503.87
942.52 504.25
C
941.66 504.01 L
944.1 502.6 L
943.72 501.2
943.41 500.24
943.16 499.73
C
944.84 499.67 L
944.56 500.32 L
944.88 502.15 L
948.17 500.25 L
948.57 498.98 L
950.33 499.49 L
945.04 502.55 L
945.9 507.41 L
948.21 506.07 L
941.25 508.07 M
942.39 508.28
943.27 508.57
943.89 508.94
C
944.51 509.31
944.97 509.83
945.28 510.49
C
945.58 511.16
945.63 511.75
945.44 512.26
C
945.25 512.78
944.96 513.2
944.56 513.54
C
944.26 513.02
943.6 512.86
942.57 513.06
C
942.43 512.82 L
942.89 512.67
943.32 512.47
943.72 512.24
C
944.09 512.02
944.33 511.8
944.43 511.55
C
944.53 511.31
944.31 510.82
943.79 510.1
C
943.26 509.37
942.31 508.76
940.93 508.25
C
940.11 504.02 L
937.68 505.43 L
944.68 517.55 L
944.07 518.46 L
943.29 517.01
941.9 514.56
939.91 511.11
C
937.92 507.66
936.7 505.6
936.26 504.94
C
937.47 505.06 L
939.85 503.69 L
939.95 502.73 L
941.5 503.05 L
941.24 503.42
941.1 504
941.09 504.79
C
941.08 505.58
941.13 506.67
941.25 508.07
C
952.22 496.87 M
958.62 493.17 L
958.95 491.92 L
960.78 492.41 L
956.76 494.73 L
957 495.89
957.18 496.95
957.3 497.91
C
959.73 496.5 L
959.92 495.58 L
961.49 495.9 L
961.1 496.61 L
961.6 498.43
961.88 499.92
961.92 501.08
C
961.97 502.24
961.81 503.49
961.44 504.82
C
961.07 506.14
960.28 507.67
959.06 509.41
C
958.83 509.29 L
960.01 507.2
960.7 505.23
960.9 503.38
C
961.1 501.54
960.82 499.34
960.06 496.79
C
957.39 498.34 L
957.41 498.87
957.43 499.43
957.45 500.02
C
959 500.26
959.87 500.62
960.07 501.1
C
960.27 501.58
960.32 501.93
960.23 502.15
C
960.02 502.5 L
959.86 502.6
959.62 502.41
959.3 501.94
C
958.87 501.39
958.26 500.85
957.47 500.33
C
957.32 501.76
957.06 503.18
956.68 504.59
C
956.41 504.52 L
956.61 502.72
956.64 501.1
956.51 499.66
C
956.38 498.22
956.1 496.79
955.67 495.36
C
954.45 496.07 L
953.92 496.38
953.46 496.72
953.09 497.09
C
952.22 496.87 L
966.35 501.37 M
965.58 499.92
964.74 498.43
963.85 496.88
C
962.96 495.34
962.18 494.04
961.5 492.97
C
963.15 492.74 L
962.95 493.51 L
965.83 498.5 L
966.23 499.19
966.64 499.85
967.06 500.48
C
966.35 501.37 L
964.7 491.61 M
963.86 490.15
963.27 489.19
962.95 488.73
C
964.71 488.52 L
964.5 489.29 L
970.79 500.18 L
971.41 501.18
971.29 502.15
970.42 503.08
C
969.99 502.42
968.96 502.36
967.33 502.92
C
967.19 502.67 L
968.38 502.1
969.18 501.7
969.59 501.49
C
970.01 501.27
970.07 500.9
969.77 500.38
C
964.7 491.61 L
cp
f
GR
GS
110 360 M
N
109.64 352.67 M
110 352.67 L
110 359.59 L
109.64 359.59 L
109.64 359.16 L
109.64 358.77
109.57 358.46
109.44 358.23
C
109.34 358.07
109.19 357.94
108.97 357.84
C
108.81 357.77
108.4 357.73
107.73 357.73
C
99.02 357.73 L
98.34 357.73
97.92 357.77
97.75 357.84
C
97.58 357.92
97.44 358.06
97.31 358.28
C
97.19 358.5
97.13 358.79
97.13 359.16
C
97.13 359.59 L
96.75 359.59 L
96.75 352.67 L
97.13 352.67 L
97.13 353.11 L
97.13 353.49
97.19 353.81
97.33 354.05
C
97.41 354.21
97.57 354.34
97.8 354.44
C
97.95 354.51
98.36 354.55
99.02 354.55
C
107.73 354.55 L
108.41 354.55
108.83 354.51
109 354.44
C
109.17 354.36
109.32 354.22
109.45 354
C
109.58 353.78
109.64 353.48
109.64 353.11
C
109.64 352.67 L
100.88 347.53 M
102.06 347.53 L
101.52 347.03
101.14 346.57
100.92 346.14
C
100.7 345.71
100.59 345.25
100.59 344.75
C
100.59 344.16
100.73 343.66
101.01 343.27
C
101.28 342.87
101.7 342.56
102.25 342.34
C
101.67 341.82
101.24 341.33
100.98 340.85
C
100.72 340.38
100.59 339.88
100.59 339.36
C
100.59 338.72
100.74 338.22
101.03 337.84
C
101.32 337.47
101.69 337.21
102.13 337.06
C
102.58 336.92
103.29 336.84
104.27 336.84
C
108 336.84 L
108.71 336.84
109.15 336.78
109.31 336.66
C
109.48 336.53
109.59 336.27
109.64 335.86
C
110 335.86 L
110 340.58 L
109.64 340.58 L
109.61 340.2
109.47 339.93
109.22 339.75
C
109.04 339.64
108.64 339.58
108 339.58
C
104.08 339.58 L
103.27 339.58
102.75 339.61
102.53 339.67
C
102.31 339.73
102.15 339.84
102.04 339.98
C
101.93 340.12
101.88 340.28
101.88 340.47
C
101.88 340.75
101.98 341.03
102.18 341.32
C
102.38 341.61
102.69 341.9
103.11 342.19
C
108 342.19 L
108.67 342.19
109.08 342.14
109.25 342.03
C
109.49 341.88
109.62 341.59
109.64 341.17
C
110 341.17 L
110 345.89 L
109.64 345.89 L
109.63 345.64
109.57 345.44
109.45 345.3
C
109.34 345.15
109.2 345.05
109.05 345
C
108.89 344.95
108.54 344.92
108 344.92
C
104.08 344.92 L
103.26 344.92
102.74 344.96
102.53 345.02
C
102.32 345.09
102.16 345.2
102.04 345.35
C
101.92 345.5
101.86 345.67
101.86 345.84
C
101.86 346.1
101.93 346.34
102.06 346.56
C
102.27 346.86
102.62 347.19
103.11 347.53
C
108 347.53 L
108.65 347.53
109.07 347.47
109.28 347.34
C
109.49 347.22
109.61 346.95
109.64 346.55
C
110 346.55 L
110 351.25 L
109.64 351.25 L
109.61 350.88
109.49 350.6
109.28 350.44
C
109.14 350.32
108.71 350.27
108 350.27
C
102.84 350.27 L
102.16 350.27
101.73 350.33
101.56 350.46
C
101.4 350.59
101.29 350.85
101.23 351.25
C
100.88 351.25 L
100.88 347.53 L
109.08 330.8 M
112.47 330.8 L
112.94 330.8
113.26 330.76
113.43 330.68
C
113.6 330.6
113.73 330.48
113.8 330.33
C
113.88 330.17
113.92 329.86
113.92 329.41
C
114.28 329.41 L
114.28 334.62 L
113.92 334.62 L
113.9 334.22
113.79 333.92
113.58 333.72
C
113.42 333.59
113.03 333.53
112.41 333.53
C
102.77 333.53 L
102.13 333.53
101.72 333.6
101.54 333.75
C
101.36 333.9
101.26 334.19
101.23 334.62
C
100.88 334.62 L
100.88 330.8 L
102.06 330.8 L
101.59 330.47
101.26 330.15
101.05 329.81
C
100.74 329.33
100.59 328.82
100.59 328.27
C
100.59 327.59
100.8 326.98
101.23 326.43
C
101.65 325.88
102.23 325.47
102.98 325.18
C
103.72 324.89
104.53 324.75
105.39 324.75
C
106.32 324.75
107.16 324.9
107.93 325.2
C
108.7 325.49
109.28 325.92
109.68 326.48
C
110.08 327.05
110.28 327.67
110.28 328.36
C
110.28 328.86
110.17 329.33
109.94 329.77
C
109.77 330.09
109.48 330.43
109.08 330.8
C
108.08 330.8 M
108.88 330.23
109.28 329.64
109.28 329
C
109.28 328.65
109.09 328.35
108.72 328.12
C
108.18 327.78
107.14 327.61
105.59 327.61
C
104.02 327.61
102.94 327.8
102.36 328.17
C
101.97 328.42
101.78 328.76
101.78 329.17
C
101.78 329.83
102.26 330.37
103.22 330.8
C
108.08 330.8 L
100.88 319.53 M
102.94 319.53 L
101.99 318.93
101.36 318.4
101.05 317.95
C
100.75 317.49
100.59 317.05
100.59 316.62
C
100.59 316.26
100.71 315.97
100.93 315.75
C
101.15 315.53
101.47 315.42
101.89 315.42
C
102.32 315.42
102.65 315.53
102.9 315.74
C
103.14 315.96
103.27 316.21
103.27 316.52
C
103.27 316.86
103.15 317.16
102.93 317.41
C
102.71 317.66
102.58 317.81
102.56 317.86
C
102.52 317.92
102.5 317.99
102.5 318.08
C
102.5 318.27
102.57 318.45
102.72 318.62
C
102.94 318.89
103.25 319.08
103.66 319.22
C
104.29 319.43
104.99 319.53
105.75 319.53
C
107.84 319.53 L
108.39 319.53 L
108.77 319.53
109.01 319.51
109.11 319.45
C
109.29 319.38
109.42 319.27
109.5 319.11
C
109.58 318.95
109.63 318.69
109.64 318.33
C
110 318.33 L
110 323.27 L
109.64 323.27 L
109.61 322.87
109.5 322.6
109.32 322.46
C
109.14 322.32
108.65 322.25
107.84 322.25
C
102.8 322.25 L
102.28 322.25
101.95 322.28
101.81 322.33
C
101.63 322.39
101.49 322.48
101.41 322.61
C
101.32 322.73
101.27 322.95
101.23 323.27
C
100.88 323.27 L
100.88 319.53 L
100.59 310.02 M
100.59 309.22
100.8 308.49
101.21 307.8
C
101.62 307.12
102.21 306.6
102.96 306.25
C
103.72 305.9
104.54 305.72
105.44 305.72
C
106.73 305.72
107.81 306.05
108.69 306.7
C
109.75 307.49
110.28 308.59
110.28 309.98
C
110.28 311.36
109.8 312.42
108.83 313.16
C
107.86 313.91
106.74 314.28
105.48 314.28
C
104.17 314.28
103.03 313.9
102.05 313.14
C
101.08 312.38
100.59 311.34
100.59 310.02
C
101.28 309.98 M
101.28 310.32
101.41 310.6
101.66 310.84
C
101.92 311.07
102.41 311.23
103.15 311.3
C
103.88 311.38
104.91 311.42
106.23 311.42
C
106.93 311.42
107.58 311.38
108.19 311.28
C
108.65 311.21
108.99 311.05
109.23 310.82
C
109.47 310.59
109.59 310.32
109.59 310.02
C
109.59 309.72
109.52 309.48
109.36 309.28
C
109.13 309.03
108.82 308.86
108.42 308.78
C
107.81 308.65
106.56 308.58
104.67 308.58
C
103.57 308.58
102.81 308.64
102.4 308.77
C
101.99 308.89
101.69 309.07
101.5 309.31
C
101.35 309.48
101.28 309.7
101.28 309.98
C
110.28 300.2 M
103.19 303.28 L
102.33 303.66
101.8 303.95
101.58 304.16
C
101.4 304.3
101.29 304.52
101.23 304.81
C
100.88 304.81 L
100.88 299.95 L
101.23 299.95 L
101.23 300.27
101.29 300.47
101.39 300.58
C
101.54 300.73
101.71 300.81
101.91 300.81
C
102.15 300.81
102.6 300.67
103.27 300.39
C
106.69 298.89 L
103.73 297.69 L
102.88 297.34
102.28 297.17
101.94 297.17
C
101.73 297.17
101.56 297.24
101.44 297.39
C
101.31 297.54
101.24 297.79
101.23 298.16
C
100.88 298.16 L
100.88 295.17 L
101.23 295.17 L
101.27 295.46
101.37 295.7
101.55 295.88
C
101.72 296.07
102.24 296.34
103.11 296.7
C
110.28 299.75 L
110.28 300.2 L
105.11 286.59 M
105.11 291.59 L
106.32 291.54
107.28 291.22
107.98 290.64
C
108.52 290.18
108.78 289.64
108.78 289.02
C
108.78 288.62
108.67 288.26
108.46 287.95
C
108.25 287.63
107.85 287.29
107.28 286.92
C
107.5 286.59 L
108.51 287.08
109.23 287.63
109.65 288.23
C
110.07 288.83
110.28 289.52
110.28 290.31
C
110.28 291.67
109.76 292.69
108.7 293.39
C
107.87 293.95
106.83 294.23
105.58 294.23
C
104.06 294.23
102.85 293.82
101.95 292.99
C
101.04 292.16
100.59 291.2
100.59 290.09
C
100.59 289.17
100.97 288.36
101.73 287.69
C
102.49 287.01
103.62 286.65
105.11 286.59
C
104.45 289 M
103.4 289
102.68 289.05
102.29 289.16
C
101.9 289.27
101.6 289.45
101.41 289.7
C
101.29 289.84
101.23 290.02
101.23 290.25
C
101.23 290.58
101.4 290.86
101.73 291.08
C
102.31 291.46
103.1 291.66
104.11 291.66
C
104.45 291.66 L
104.45 289 L
100.88 281.53 M
102.06 281.53 L
101.52 281.03
101.14 280.57
100.92 280.14
C
100.7 279.71
100.59 279.25
100.59 278.75
C
100.59 278.16
100.73 277.66
101.01 277.27
C
101.28 276.87
101.7 276.56
102.25 276.34
C
101.67 275.82
101.24 275.33
100.98 274.85
C
100.72 274.38
100.59 273.88
100.59 273.36
C
100.59 272.72
100.74 272.22
101.03 271.84
C
101.32 271.47
101.69 271.21
102.13 271.06
C
102.58 270.92
103.29 270.84
104.27 270.84
C
108 270.84 L
108.71 270.84
109.15 270.78
109.31 270.66
C
109.48 270.53
109.59 270.27
109.64 269.86
C
110 269.86 L
110 274.58 L
109.64 274.58 L
109.61 274.2
109.47 273.93
109.22 273.75
C
109.04 273.64
108.64 273.58
108 273.58
C
104.08 273.58 L
103.27 273.58
102.75 273.61
102.53 273.67
C
102.31 273.73
102.15 273.84
102.04 273.98
C
101.93 274.12
101.88 274.28
101.88 274.47
C
101.88 274.75
101.98 275.03
102.18 275.32
C
102.38 275.61
102.69 275.9
103.11 276.19
C
108 276.19 L
108.67 276.19
109.08 276.14
109.25 276.03
C
109.49 275.88
109.62 275.59
109.64 275.17
C
110 275.17 L
110 279.89 L
109.64 279.89 L
109.63 279.64
109.57 279.44
109.45 279.3
C
109.34 279.15
109.2 279.05
109.05 279
C
108.89 278.95
108.54 278.92
108 278.92
C
104.08 278.92 L
103.26 278.92
102.74 278.96
102.53 279.02
C
102.32 279.09
102.16 279.2
102.04 279.35
C
101.92 279.5
101.86 279.67
101.86 279.84
C
101.86 280.1
101.93 280.34
102.06 280.56
C
102.27 280.86
102.62 281.19
103.11 281.53
C
108 281.53 L
108.65 281.53
109.07 281.47
109.28 281.34
C
109.49 281.22
109.61 280.95
109.64 280.55
C
110 280.55 L
110 285.25 L
109.64 285.25 L
109.61 284.88
109.49 284.6
109.28 284.44
C
109.14 284.32
108.71 284.27
108 284.27
C
102.84 284.27 L
102.16 284.27
101.73 284.33
101.56 284.46
C
101.4 284.59
101.29 284.85
101.23 285.25
C
100.88 285.25 L
100.88 281.53 L
105.11 260.59 M
105.11 265.59 L
106.32 265.54
107.28 265.22
107.98 264.64
C
108.52 264.18
108.78 263.64
108.78 263.02
C
108.78 262.62
108.67 262.26
108.46 261.95
C
108.25 261.63
107.85 261.29
107.28 260.92
C
107.5 260.59 L
108.51 261.08
109.23 261.63
109.65 262.23
C
110.07 262.83
110.28 263.52
110.28 264.31
C
110.28 265.67
109.76 266.69
108.7 267.39
C
107.87 267.95
106.83 268.23
105.58 268.23
C
104.06 268.23
102.85 267.82
101.95 266.99
C
101.04 266.16
100.59 265.2
100.59 264.09
C
100.59 263.17
100.97 262.36
101.73 261.69
C
102.49 261.01
103.62 260.65
105.11 260.59
C
104.45 263 M
103.4 263
102.68 263.05
102.29 263.16
C
101.9 263.27
101.6 263.45
101.41 263.7
C
101.29 263.84
101.23 264.02
101.23 264.25
C
101.23 264.58
101.4 264.86
101.73 265.08
C
102.31 265.46
103.1 265.66
104.11 265.66
C
104.45 265.66 L
104.45 263 L
100.88 255.59 M
102.05 255.59 L
101.54 255.12
101.17 254.68
100.94 254.25
C
100.71 253.82
100.59 253.36
100.59 252.86
C
100.59 252.27
100.76 251.77
101.09 251.38
C
101.41 250.99
101.82 250.73
102.31 250.61
C
102.69 250.51
103.4 250.45
104.45 250.45
C
108 250.45 L
108.71 250.45
109.15 250.39
109.32 250.26
C
109.49 250.13
109.6 249.86
109.64 249.47
C
110 249.47 L
110 254.08 L
109.64 254.08 L
109.6 253.73
109.46 253.49
109.22 253.34
C
109.05 253.24
108.65 253.19
108 253.19
C
103.94 253.19 L
103.2 253.19
102.73 253.22
102.53 253.27
C
102.33 253.33
102.18 253.43
102.07 253.57
C
101.96 253.71
101.91 253.86
101.91 254.03
C
101.91 254.59
102.31 255.11
103.11 255.59
C
108 255.59 L
108.69 255.59
109.12 255.53
109.3 255.41
C
109.49 255.28
109.6 255.05
109.64 254.7
C
110 254.7 L
110 259.31 L
109.64 259.31 L
109.61 258.93
109.49 258.66
109.28 258.5
C
109.14 258.39
108.71 258.33
108 258.33
C
102.84 258.33 L
102.16 258.33
101.73 258.39
101.56 258.52
C
101.4 258.64
101.29 258.91
101.23 259.31
C
100.88 259.31 L
100.88 255.59 L
97.53 244.7 M
100.88 244.7 L
100.88 242.53 L
101.83 242.53 L
101.83 244.7 L
107.47 244.7 L
108 244.7
108.34 244.68
108.49 244.63
C
108.64 244.59
108.77 244.5
108.86 244.38
C
108.95 244.25
109 244.14
109 244.03
C
109 243.6
108.68 243.2
108.03 242.83
C
108.25 242.53 L
109.5 243.06
110.12 243.92
110.12 245.11
C
110.12 245.68
109.96 246.17
109.64 246.57
C
109.32 246.97
108.96 247.23
108.56 247.34
C
108.34 247.41
107.74 247.44
106.77 247.44
C
101.83 247.44 L
101.83 248.62 L
101.5 248.62 L
100.92 247.8
100.3 247.1
99.66 246.53
C
99.02 245.96
98.31 245.46
97.53 245.03
C
97.53 244.7 L
103.97 231.69 M
107.67 231.69 L
108.39 231.69
108.84 231.64
109.03 231.55
C
109.22 231.47
109.37 231.31
109.48 231.09
C
109.59 230.88
109.64 230.46
109.64 229.84
C
110 229.84 L
110 236.62 L
109.64 236.62 L
109.64 236.01
109.58 235.6
109.47 235.38
C
109.35 235.17
109.21 235.02
109.02 234.93
C
108.84 234.84
108.39 234.8
107.67 234.8
C
99.08 234.8 L
98.36 234.8
97.91 234.84
